第2018118期:  08  12  21  22  27  31  +  09
第2018117期:  08  11  15  17  23  25  +  05
第2018116期:  05  14  17  22  23  28  +  15
第2018115期:  01  13  19  24  26  29  +  11
第2018114期:  01  07  15  16  20  27  +  14
第2018113期:  01  06  09  16  25  26  +  09
第2018112期:  05  08  18  25  26  31  +  04
第2018111期:  01  07  14  24  25  28  +  08
第2018110期:  11  13  16  21  22  23  +  02
第2018109期:  10  11  18  23  31  33  +  15
第2018108期:  05  13  18  21  26  30  +  02
第2018107期:  01  02  05  12  20  22  +  01
第2018106期:  04  18  19  24  25  26  +  10
第2018105期:  04  05  13  18  19  25  +  01
第2018104期:  02  03  06  19  25  29  +  01
第2018103期:  02  09  15  22  23  24  +  16
第2018102期:  02  06  11  19  21  28  +  05
第2018101期:  01  03  14  26  29  33  +  09
第2018100期:  02  11  14  15  29  33  +  02
第2018099期:  03  07  08  14  25  32  +  06
第2018098期:  06  10  11  20  29  32  +  13
第2018097期:  01  02  17  20  25  28  +  13
第2018096期:  01  05  09  20  28  32  +  12
第2018095期:  10  11  12  21  26  33  +  09
第2018094期:  04  07  16  20  24  30  +  05
第2018093期:  04  18  20  21  29  33  +  07
第2018092期:  06  10  16  19  24  33  +  16
第2018091期:  06  11  13  17  25  32  +  07
第2018090期:  01  02  04  10  14  23  +  07
第2018089期:  06  09  12  14  18  27  +  14
第2018088期:  03  05  12  29  30  32  +  14
第2018087期:  01  05  10  16  18  31  +  03
第2018086期:  02  07  17  21  23  26  +  16
第2018085期:  04  10  25  26  30  33  +  06
第2018084期:  05  06  08  12  22  24  +  03
第2018083期:  04  09  18  21  32  33  +  03
第2018082期:  06  12  14  20  22  24  +  09
第2018081期:  01  02  12  16  20  26  +  03
第2018080期:  04  07  13  20  29  33  +  03
第2018079期:  14  15  17  22  24  29  +  13
第2018078期:  03  10  14  17  18  30  +  12
第2018077期:  02  05  09  15  20  24  +  10
第2018076期:  03  07  08  15  29  30  +  13
第2018075期:  07  09  12  13  22  24  +  11
第2018074期:  09  11  14  20  27  30  +  09
第2018073期:  02  09  14  15  16  23  +  10
第2018072期:  11  16  19  22  25  30  +  08
第2018071期:  02  05  06  13  16  19  +  03
第2018070期:  04  09  15  16  19  27  +  10
第2018069期:  06  13  17  19  23  31  +  12
第2018068期:  08  10  17  20  27  30  +  01
第2018067期:  01  04  09  12  15  18  +  05
第2018066期:  09  16  17  19  22  26  +  10
第2018065期:  01  04  06  14  28  33  +  01
第2018064期:  02  05  10  11  17  21  +  05
第2018063期:  05  06  10  16  20  25  +  12
第2018062期:  02  18  19  24  25  33  +  11
第2018061期:  09  10  11  12  18  23  +  07
第2018060期:  04  08  13  25  30  31  +  10
第2018059期:  04  06  08  13  22  32  +  11
第2018058期:  07  12  13  16  26  31  +  07
第2018057期:  05  15  17  19  20  30  +  13
第2018056期:  01  03  06  20  21  26  +  01
第2018055期:  07  09  10  12  22  26  +  07
第2018054期:  04  06  18  22  25  33  +  16
第2018053期:  01  04  10  11  14  27  +  06
第2018052期:  03  05  06  09  15  32  +  14
第2018051期:  05  07  20  23  27  31  +  04
第2018050期:  01  02  04  10  18  19  +  07
第2018049期:  01  03  04  11  19  23  +  02
第2018048期:  01  12  20  25  30  31  +  02
第2018047期:  06  07  12  16  22  25  +  07
第2018046期:  10  13  14  18  20  31  +  03
第2018045期:  03  04  06  25  26  30  +  01
第2018044期:  05  09  12  17  27  30  +  06
第2018043期:  01  04  06  08  21  24  +  07
第2018042期:  06  10  21  28  29  31  +  12
第2018041期:  07  08  20  23  24  32  +  13
第2018040期:  01  03  08  13  18  23  +  16
第2018039期:  08  12  18  19  23  32  +  03
第2018038期:  15  23  24  25  28  29  +  09
第2018037期:  01  06  07  08  27  30  +  10
第2018036期:  08  17  24  26  28  33  +  04
第2018035期:  07  10  11  17  23  28  +  15
第2018034期:  01  05  11  22  23  26  +  15
第2018033期:  04  19  20  22  28  33  +  06
第2018032期:  21  22  23  24  25  32  +  06
第2018031期:  02  16  18  19  27  30  +  14
第2018030期:  13  14  20  21  25  33  +  07
第2018029期:  01  02  09  14  22  25  +  05
第2018028期:  03  08  11  14  18  23  +  16
第2018027期:  02  07  09  14  18  28  +  05
第2018026期:  04  07  12  14  26  32  +  04
第2018025期:  04  13  16  19  21  25  +  14
第2018024期:  11  19  22  26  31  32  +  02
第2018023期:  12  15  16  21  26  29  +  16
第2018022期:  07  14  19  21  22  23  +  03
第2018021期:  03  04  06  11  23  28  +  14
第2018020期:  06  09  10  14  28  30  +  05
第2018019期:  03  11  12  16  21  23  +  09
第2018018期:  02  12  13  18  25  27  +  07
第2018017期:  03  06  11  26  30  32  +  12
第2018016期:  01  11  12  18  25  27  +  16
第2018015期:  11  15  20  21  26  33  +  15
第2018014期:  09  12  20  24  28  31  +  07
第2018013期:  06  08  13  15  22  33  +  06
第2018012期:  11  12  13  19  26  28  +  12
第2018011期:  03  10  21  23  27  33  +  11
第2018010期:  01  08  17  20  21  22  +  03
第2018009期:  05  10  17  23  26  32  +  07
第2018008期:  05  09  10  12  17  19  +  13
第2018007期:  13  14  20  25  27  31  +  12
第2018006期:  02  07  08  09  17  29  +  11
第2018005期:  02  20  21  28  31  33  +  06
第2018004期:  14  18  19  26  30  31  +  11
第2018003期:  01  14  16  17  20  31  +  04
第2018002期:  07  18  24  29  31  33  +  16
第2018001期:  01  08  11  26  28  31  +  04
第2017154期:  05  09  13  15  18  26  +  05
第2017153期:  07  11  12  13  18  19  +  16
第2017152期:  06  10  23  25  26  29  +  05
第2017151期:  02  05  07  09  11  27  +  16
第2017150期:  06  14  19  20  21  23  +  08
第2017149期:  05  08  15  20  27  30  +  13
第2017148期:  04  07  11  14  29  32  +  12
第2017147期:  03  07  20  21  25  31  +  14
第2017146期:  01  19  25  26  27  33  +  10
第2017145期:  02  06  12  17  25  28  +  12
第2017144期:  03  14  16  20  31  32  +  09
第2017143期:  04  06  09  14  20  29  +  14
第2017142期:  08  13  14  18  23  33  +  06
第2017141期:  01  06  07  11  13  15  +  05
第2017140期:  21  22  25  28  29  30  +  08
第2017139期:  02  14  20  24  28  32  +  16
第2017138期:  01  17  24  28  32  33  +  02
第2017137期:  05  10  20  23  26  31  +  03
第2017136期:  03  07  10  18  21  24  +  12
第2017135期:  01  06  07  14  18  26  +  16
第2017134期:  04  05  11  14  28  32  +  04
第2017133期:  06  15  17  18  23  30  +  11
第2017132期:  02  03  05  09  13  28  +  11
第2017131期:  01  07  10  11  26  27  +  11
第2017130期:  05  13  14  23  25  31  +  02
第2017129期:  05  06  09  14  21  33  +  02
第2017128期:  02  06  13  22  29  31  +  08
第2017127期:  14  15  21  24  27  32  +  12
第2017126期:  01  16  17  21  27  30  +  16
第2017125期:  01  14  23  25  29  30  +  03
第2017124期:  02  06  11  26  28  29  +  03
第2017123期:  04  05  06  11  21  31  +  10
第2017122期:  11  20  21  22  24  27  +  15
第2017121期:  11  18  19  22  24  32  +  07
第2017120期:  08  10  15  19  23  28  +  16
第2017119期:  09  16  21  25  26  31  +  14
第2017118期:  08  09  15  22  30  33  +  16
第2017117期:  01  02  08  11  14  21  +  09
第2017116期:  02  14  20  22  30  32  +  02
第2017115期:  04  10  11  25  30  31  +  01
第2017114期:  06  12  13  15  18  26  +  13
第2017113期:  04  06  16  27  29  33  +  05
第2017112期:  03  10  14  16  22  23  +  11
第2017111期:  05  10  17  19  29  32  +  12
第2017110期:  01  03  12  15  19  23  +  14
第2017109期:  08  14  16  18  21  23  +  16
第2017108期:  07  12  14  15  17  20  +  01
第2017107期:  08  09  15  17  30  32  +  06
第2017106期:  12  15  20  25  27  31  +  02
第2017105期:  03  06  07  12  25  26  +  07
第2017104期:  01  14  15  20  23  30  +  14
第2017103期:  01  21  23  25  31  33  +  01
第2017102期:  04  08  10  14  18  20  +  11
第2017101期:  01  04  11  28  31  32  +  16
第2017100期:  04  07  08  18  23  24  +  02
第2017099期:  02  05  06  16  28  29  +  04
第2017098期:  04  19  22  27  30  33  +  01
第2017097期:  05  10  18  19  30  31  +  03
第2017096期:  02  06  11  12  19  29  +  06
第2017095期:  09  10  12  19  22  29  +  16
第2017094期:  08  11  13  19  28  31  +  06
第2017093期:  07  08  09  15  22  27  +  12
第2017092期:  10  18  19  29  32  33  +  09
第2017091期:  05  07  10  23  28  29  +  03
第2017090期:  01  07  10  16  22  33  +  09
第2017089期:  11  12  13  16  23  25  +  12
第2017088期:  07  09  18  22  23  29  +  06
第2017087期:  03  06  13  14  19  28  +  06
第2017086期:  03  05  06  13  20  22  +  07
第2017085期:  01  05  06  16  25  30  +  09
第2017084期:  01  05  11  20  22  24  +  02
第2017083期:  03  08  14  20  24  26  +  12
第2017082期:  14  18  21  25  28  29  +  10
第2017081期:  03  05  14  25  26  30  +  05
第2017080期:  01  12  16  20  22  24  +  08
第2017079期:  03  07  14  23  25  27  +  08
第2017078期:  05  07  18  19  22  24  +  16
第2017077期:  01  02  04  15  17  22  +  14
第2017076期:  01  04  08  09  14  15  +  13
第2017075期:  01  03  06  19  21  29  +  07
第2017074期:  02  06  16  23  30  31  +  02
第2017073期:  03  06  16  23  26  30  +  14
第2017072期:  06  11  14  23  26  30  +  02
第2017071期:  02  03  06  14  31  32  +  03
第2017070期:  01  06  14  22  25  26  +  12
第2017069期:  02  11  12  23  29  31  +  05
第2017068期:  02  06  10  22  30  31  +  15
第2017067期:  01  03  04  10  18  29  +  04
第2017066期:  01  04  06  17  19  26  +  03
第2017065期:  02  05  08  10  12  21  +  07
第2017064期:  02  10  16  22  24  28  +  15
第2017063期:  12  16  20  22  25  31  +  04
第2017062期:  01  07  22  24  26  31  +  10
第2017061期:  06  07  12  20  26  27  +  11
第2017060期:  05  10  13  24  26  31  +  04
第2017059期:  04  08  09  15  19  25  +  09
第2017058期:  01  09  13  22  28  32  +  11
第2017057期:  18  20  22  23  30  31  +  16
第2017056期:  13  14  18  19  21  28  +  06
第2017055期:  07  12  13  20  24  31  +  05
第2017054期:  02  03  09  23  28  33  +  08
第2017053期:  04  09  11  15  29  31  +  06
第2017052期:  07  08  18  24  29  31  +  07
第2017051期:  02  05  09  15  24  25  +  11
第2017050期:  10  12  20  24  27  29  +  07
第2017049期:  01  08  14  15  20  29  +  10
第2017048期:  05  08  09  14  15  19  +  07
第2017047期:  02  05  08  10  32  33  +  02
第2017046期:  04  13  14  23  26  32  +  10
第2017045期:  05  07  16  20  21  25  +  05
第2017044期:  08  16  19  21  31  32  +  06
第2017043期:  08  13  16  23  27  31  +  08
第2017042期:  01  02  04  07  10  23  +  04
第2017041期:  04  10  13  15  22  27  +  04
第2017040期:  15  19  23  28  29  33  +  04
第2017039期:  02  04  12  14  17  24  +  15
第2017038期:  01  04  08  13  24  27  +  05
第2017037期:  11  15  20  22  25  30  +  05
第2017036期:  01  02  05  10  24  27  +  15
第2017035期:  01  06  14  24  28  32  +  12
第2017034期:  04  07  08  19  32  33  +  13
第2017033期:  05  07  15  20  23  30  +  15
第2017032期:  05  08  15  24  27  31  +  11
第2017031期:  06  10  16  26  27  29  +  03
第2017030期:  01  07  09  20  23  30  +  02
第2017029期:  02  15  21  23  25  30  +  10
第2017028期:  07  08  12  13  22  30  +  09
第2017027期:  02  04  11  14  27  30  +  05
第2017026期:  03  10  12  19  27  30  +  08
第2017025期:  02  15  16  17  22  32  +  07
第2017024期:  09  21  25  26  29  31  +  13
第2017023期:  01  03  04  11  18  22  +  14
第2017022期:  02  06  15  16  18  32  +  15
第2017021期:  02  05  10  22  32  33  +  09
第2017020期:  04  08  10  12  31  33  +  10
第2017019期:  04  06  08  12  23  25  +  08
第2017018期:  01  02  03  17  25  31  +  09
第2017017期:  03  07  08  10  22  23  +  12
第2017016期:  05  08  16  22  27  29  +  02
第2017015期:  01  08  09  14  17  32  +  01
第2017014期:  06  08  18  20  23  31  +  13
第2017013期:  08  11  28  29  31  33  +  06
第2017012期:  10  11  14  15  16  24  +  07
第2017011期:  10  11  12  23  26  29  +  16
第2017010期:  05  08  19  25  28  30  +  07
第2017009期:  02  06  08  09  15  29  +  14
第2017008期:  07  13  15  27  28  29  +  13
第2017007期:  02  04  05  24  26  33  +  15
第2017006期:  02  04  08  26  29  33  +  08
第2017005期:  06  11  12  22  23  30  +  05
第2017004期:  05  13  17  26  27  30  +  07
第2017003期:  01  04  08  15  27  32  +  16
第2017002期:  15  19  23  24  25  32  +  03
第2017001期:  09  11  14  20  25  26  +  15
第2016153期:  07  09  16  24  25  29  +  06
第2016152期:  02  08  09  16  20  22  +  07
第2016151期:  06  11  16  20  22  33  +  07
第2016150期:  02  04  05  09  13  21  +  05
第2016149期:  03  20  23  26  32  33  +  07
第2016148期:  01  02  11  20  26  30  +  14
第2016147期:  04  14  18  28  31  32  +  12
第2016146期:  03  07  15  16  17  23  +  10
第2016145期:  01  03  07  12  19  20  +  06
第2016144期:  04  10  12  27  32  33  +  05
第2016143期:  06  09  23  24  25  33  +  13
第2016142期:  01  10  17  21  23  30  +  12
第2016141期:  04  13  15  17  21  24  +  15
第2016140期:  01  02  05  17  26  32  +  10
第2016139期:  01  06  19  26  28  30  +  03
第2016138期:  07  16  20  24  25  30  +  07
第2016137期:  01  06  09  10  15  32  +  14
第2016136期:  02  07  10  20  27  29  +  03
第2016135期:  02  08  10  18  20  33  +  12
第2016134期:  11  12  13  14  18  33  +  13
第2016133期:  15  16  21  22  27  33  +  15
第2016132期:  05  08  13  19  27  28  +  07
第2016131期:  04  10  18  19  25  27  +  02
第2016130期:  03  17  21  23  27  28  +  01
第2016129期:  05  06  08  21  31  33  +  14
第2016128期:  04  09  11  17  26  27  +  13
第2016127期:  07  12  17  26  29  31  +  16
第2016126期:  02  06  12  17  18  19  +  10
第2016125期:  01  06  08  20  27  30  +  03
第2016124期:  09  15  21  24  27  32  +  10
第2016123期:  07  09  12  14  20  27  +  16
第2016122期:  15  22  23  24  28  29  +  08
第2016121期:  02  03  10  23  25  28  +  09
第2016120期:  02  05  06  21  25  28  +  09
第2016119期:  09  19  21  30  31  32  +  04
第2016118期:  09  14  22  23  31  33  +  14
第2016117期:  03  10  14  17  28  33  +  02
第2016116期:  07  18  20  23  27  31  +  13
第2016115期:  06  08  20  22  26  27  +  09
第2016114期:  05  16  20  22  27  29  +  09
第2016113期:  01  11  16  17  20  26  +  14
第2016112期:  06  12  14  15  18  25  +  12
第2016111期:  02  04  07  14  15  32  +  04
第2016110期:  05  07  28  31  32  33  +  08
第2016109期:  09  11  15  16  27  33  +  05
第2016108期:  02  03  07  08  19  26  +  16
第2016107期:  06  11  18  26  27  32  +  01
第2016106期:  04  05  13  22  25  30  +  04
第2016105期:  08  10  19  27  28  31  +  16
第2016104期:  05  09  11  18  30  31  +  04
第2016103期:  01  05  13  19  24  27  +  11
第2016102期:  05  08  10  14  17  30  +  13
第2016101期:  01  03  19  24  32  33  +  01
第2016100期:  03  10  22  23  27  29  +  04
第2016099期:  01  11  21  23  27  33  +  06
第2016098期:  02  08  25  29  31  32  +  06
第2016097期:  06  13  25  26  28  31  +  01
第2016096期:  06  13  14  21  22  24  +  16
第2016095期:  01  05  09  12  18  32  +  12
第2016094期:  06  07  10  12  18  31  +  10
第2016093期:  06  09  15  17  25  27  +  09
第2016092期:  02  13  15  23  24  29  +  06
第2016091期:  04  08  14  22  23  28  +  07
第2016090期:  02  13  17  20  21  26  +  07
第2016089期:  01  03  14  30  31  32  +  08
第2016088期:  03  14  16  18  25  33  +  15
第2016087期:  02  03  10  11  14  21  +  12
第2016086期:  09  10  11  12  15  32  +  05
第2016085期:  01  12  19  20  21  25  +  16
第2016084期:  02  04  12  18  24  26  +  05
第2016083期:  09  16  17  24  30  31  +  04
第2016082期:  06  12  14  15  17  20  +  09
第2016081期:  02  06  15  25  30  32  +  07
第2016080期:  01  16  17  24  25  32  +  14
第2016079期:  01  03  10  12  24  28  +  02
第2016078期:  02  04  08  23  26  29  +  02
第2016077期:  01  09  17  19  20  29  +  10
第2016076期:  07  08  13  22  30  32  +  01
第2016075期:  01  03  06  16  29  32  +  07
第2016074期:  06  10  11  12  20  25  +  12
第2016073期:  09  11  12  15  16  20  +  13
第2016072期:  05  16  19  22  24  25  +  02
第2016071期:  19  21  26  28  29  32  +  01
第2016070期:  03  06  11  18  23  29  +  01
第2016069期:  08  10  11  20  21  27  +  11
第2016068期:  08  19  23  28  31  32  +  01
第2016067期:  09  13  18  20  27  31  +  04
第2016066期:  03  07  13  18  19  20  +  05
第2016065期:  13  16  22  25  26  27  +  14
第2016064期:  03  12  14  17  19  26  +  03
第2016063期:  16  17  18  23  28  32  +  07
第2016062期:  12  13  15  18  19  21  +  09
第2016061期:  05  06  08  18  20  32  +  08
第2016060期:  04  05  22  26  29  32  +  08
第2016059期:  04  11  12  20  25  28  +  15
第2016058期:  03  05  18  20  24  32  +  11
第2016057期:  07  12  19  22  23  26  +  11
第2016056期:  03  04  08  11  16  18  +  14
第2016055期:  05  06  10  16  22  26  +  11
第2016054期:  06  11  16  19  28  32  +  04
第2016053期:  02  08  10  12  29  31  +  01
第2016052期:  01  06  13  19  24  28  +  16
第2016051期:  01  02  04  09  15  33  +  12
第2016050期:  09  12  24  28  29  30  +  02
第2016049期:  06  08  13  14  22  27  +  10
第2016048期:  03  08  13  14  15  30  +  04
第2016047期:  02  05  08  15  17  22  +  16
第2016046期:  07  20  25  26  27  30  +  14
第2016045期:  04  09  12  17  30  32  +  03
第2016044期:  01  03  10  12  18  30  +  01
第2016043期:  05  14  20  26  30  33  +  12
第2016042期:  07  14  17  23  26  31  +  09
第2016041期:  12  17  18  21  22  24  +  04
第2016040期:  03  13  19  20  23  26  +  03
第2016039期:  01  03  07  18  19  27  +  16
第2016038期:  03  12  13  22  28  29  +  03
第2016037期:  06  15  26  31  32  33  +  16
第2016036期:  03  04  07  09  20  22  +  03
第2016035期:  04  13  19  20  26  29  +  11
第2016034期:  03  15  21  22  23  28  +  15
第2016033期:  06  17  18  20  27  29  +  15
第2016032期:  08  12  14  15  21  27  +  15
第2016031期:  03  08  10  19  26  33  +  03
第2016030期:  10  14  19  22  25  29  +  12
第2016029期:  12  15  18  20  21  27  +  15
第2016028期:  06  08  12  21  25  29  +  01
第2016027期:  11  13  15  17  19  31  +  05
第2016026期:  04  09  12  28  30  33  +  01
第2016025期:  04  11  12  17  24  30  +  12
第2016024期:  02  05  07  14  18  31  +  13
第2016023期:  03  06  10  19  25  29  +  07
第2016022期:  04  09  19  22  23  30  +  07
第2016021期:  09  11  13  22  24  26  +  05
第2016020期:  01  02  10  12  22  24  +  10
第2016019期:  06  13  16  17  23  30  +  10
第2016018期:  12  13  14  17  21  25  +  04
第2016017期:  05  06  08  20  22  30  +  05
第2016016期:  01  20  22  24  25  26  +  16
第2016015期:  01  02  14  22  25  26  +  07
第2016014期:  02  08  10  18  20  27  +  07
第2016013期:  07  12  21  22  26  31  +  01
第2016012期:  07  12  14  16  27  32  +  15
第2016011期:  03  08  10  15  22  29  +  12
第2016010期:  02  04  12  14  19  25  +  06
第2016009期:  10  14  24  25  27  32  +  04
第2016008期:  02  15  24  29  32  33  +  02
第2016007期:  05  12  14  20  27  29  +  06
第2016006期:  13  16  18  20  28  31  +  12
第2016005期:  11  14  18  20  31  33  +  14
第2016004期:  08  10  17  22  25  33  +  12
第2016003期:  01  10  14  23  26  28  +  01
第2016002期:  09  14  17  20  24  30  +  16
第2016001期:  06  13  16  18  20  22  +  13
第2015154期:  07  09  11  15  18  25  +  07
第2015153期:  08  11  15  22  27  29  +  03
第2015152期:  11  18  19  21  29  32  +  12
第2015151期:  05  06  08  23  31  32  +  11
第2015150期:  01  03  08  11  29  31  +  13
第2015149期:  09  10  20  21  22  33  +  09
第2015148期:  09  13  14  22  26  27  +  07
第2015147期:  08  09  16  23  24  30  +  05
第2015146期:  16  17  21  28  30  32  +  15
第2015145期:  07  08  15  19  20  24  +  13
第2015144期:  01  04  07  15  28  32  +  16
第2015143期:  13  15  19  20  21  32  +  04
第2015142期:  13  17  19  20  22  25  +  11
第2015141期:  03  08  19  25  27  28  +  02
第2015140期:  06  20  28  29  30  31  +  12
第2015139期:  01  10  13  18  25  27  +  09
第2015138期:  01  02  08  16  19  24  +  11
第2015137期:  14  22  23  27  28  31  +  12
第2015136期:  02  05  12  23  28  29  +  01
第2015135期:  01  12  14  18  26  32  +  07
第2015134期:  02  05  14  19  27  31  +  04
第2015133期:  02  03  13  20  22  24  +  15
第2015132期:  03  05  11  28  30  33  +  01
第2015131期:  10  12  13  19  22  26  +  03
第2015130期:  06  14  15  16  17  22  +  10
第2015129期:  05  08  11  16  18  27  +  04
第2015128期:  01  03  08  11  22  28  +  06
第2015127期:  07  10  19  22  27  33  +  06
第2015126期:  10  11  15  20  23  29  +  12
第2015125期:  05  13  22  27  30  33  +  10
第2015124期:  02  03  05  12  18  27  +  01
第2015123期:  05  08  09  12  22  28  +  07
第2015122期:  05  07  11  16  22  25  +  07
第2015121期:  01  03  20  21  28  29  +  12
第2015120期:  16  21  24  26  27  29  +  16
第2015119期:  02  08  10  18  23  31  +  08
第2015118期:  01  04  11  21  23  31  +  12
第2015117期:  04  11  12  18  26  32  +  12
第2015116期:  04  06  15  23  26  28  +  11
第2015115期:  01  07  08  14  24  32  +  03
第2015114期:  04  07  09  13  21  26  +  01
第2015113期:  01  05  07  08  19  27  +  12
第2015112期:  01  03  10  19  20  27  +  11
第2015111期:  08  14  16  18  20  30  +  12
第2015110期:  05  07  16  17  22  23  +  04
第2015109期:  01  08  09  16  32  33  +  13
第2015108期:  02  12  19  22  24  27  +  15
第2015107期:  07  14  16  18  21  25  +  08
第2015106期:  01  03  04  23  31  32  +  13
第2015105期:  09  10  16  19  20  26  +  12
第2015104期:  09  18  21  23  25  26  +  01
第2015103期:  06  08  13  26  30  32  +  14
第2015102期:  07  09  12  14  21  23  +  06
第2015101期:  08  16  22  24  28  29  +  05
第2015100期:  02  03  11  17  19  21  +  08
第2015099期:  06  07  10  11  14  22  +  09
第2015098期:  06  09  13  26  27  33  +  01
第2015097期:  09  12  14  20  26  27  +  04
第2015096期:  06  16  17  23  24  31  +  07
第2015095期:  04  15  21  28  30  31  +  04
第2015094期:  01  04  06  13  16  17  +  10
第2015093期:  01  03  13  21  25  31  +  08
第2015092期:  09  15  19  21  26  27  +  01
第2015091期:  05  07  17  19  22  31  +  11
第2015090期:  10  12  14  22  25  33  +  15
第2015089期:  12  14  19  27  28  29  +  01
第2015088期:  02  12  20  24  29  31  +  09
第2015087期:  09  15  16  19  20  28  +  11
第2015086期:  05  06  08  16  18  22  +  12
第2015085期:  02  08  25  27  28  29  +  05
第2015084期:  15  18  20  22  28  29  +  15
第2015083期:  06  07  16  18  29  32  +  05
第2015082期:  02  08  09  14  28  30  +  07
第2015081期:  13  20  22  26  28  31  +  13
第2015080期:  14  17  25  27  28  30  +  02
第2015079期:  09  14  15  20  26  32  +  11
第2015078期:  03  07  20  22  26  29  +  02
第2015077期:  01  06  08  10  13  27  +  16
第2015076期:  01  09  10  19  23  27  +  09
第2015075期:  06  11  13  19  21  32  +  04
第2015074期:  04  07  21  25  26  29  +  08
第2015073期:  01  02  17  22  26  27  +  04
第2015072期:  01  03  05  20  21  31  +  05
第2015071期:  08  18  20  28  29  31  +  08
第2015070期:  01  07  13  19  21  29  +  15
第2015069期:  01  13  17  18  23  30  +  15
第2015068期:  06  15  18  21  26  27  +  10
第2015067期:  02  05  08  24  25  31  +  14
第2015066期:  05  08  11  17  24  28  +  16
第2015065期:  08  10  14  19  26  29  +  12
第2015064期:  11  12  14  17  23  27  +  01
第2015063期:  01  07  09  16  22  32  +  12
第2015062期:  09  14  15  18  21  26  +  16
第2015061期:  06  18  22  26  32  33  +  04
第2015060期:  01  03  18  27  31  32  +  13
第2015059期:  02  06  09  16  25  32  +  14
第2015058期:  02  09  10  18  19  20  +  15
第2015057期:  09  20  24  25  26  32  +  04
第2015056期:  01  07  08  16  18  20  +  14
第2015055期:  01  10  15  18  19  28  +  02
第2015054期:  01  02  07  10  22  26  +  07
第2015053期:  03  07  17  22  32  33  +  10
第2015052期:  02  04  11  16  25  26  +  12
第2015051期:  04  10  24  26  28  32  +  09
第2015050期:  03  09  12  16  17  31  +  04
第2015049期:  07  12  14  17  20  23  +  05
第2015048期:  13  16  17  22  25  27  +  10
第2015047期:  02  03  20  24  26  27  +  09
第2015046期:  05  07  10  14  23  31  +  01
第2015045期:  01  05  13  22  30  31  +  07
第2015044期:  02  03  04  13  14  16  +  02
第2015043期:  11  12  15  24  26  27  +  15
第2015042期:  09  10  19  21  23  32  +  08
第2015041期:  04  09  11  17  21  25  +  06
第2015040期:  13  16  18  27  30  32  +  16
第2015039期:  01  13  15  26  29  30  +  12
第2015038期:  05  06  11  12  14  33  +  14
第2015037期:  05  07  12  18  28  31  +  03
第2015036期:  04  06  16  17  26  33  +  03
第2015035期:  01  08  09  22  24  33  +  03
第2015034期:  12  13  17  18  20  27  +  13
第2015033期:  03  06  21  29  31  32  +  05
第2015032期:  11  14  16  18  29  32  +  16
第2015031期:  01  05  07  22  26  32  +  11
第2015030期:  08  11  14  15  16  26  +  07
第2015029期:  07  14  15  19  21  28  +  07
第2015028期:  04  07  10  26  27  28  +  14
第2015027期:  05  07  09  16  26  29  +  07
第2015026期:  02  13  17  21  22  33  +  13
第2015025期:  10  11  12  15  27  32  +  14
第2015024期:  09  11  16  18  23  24  +  10
第2015023期:  08  09  10  13  29  30  +  01
第2015022期:  04  07  10  16  23  25  +  10
第2015021期:  14  15  16  17  27  28  +  08
第2015020期:  01  04  07  19  22  23  +  04
第2015019期:  02  06  11  19  25  26  +  04
第2015018期:  06  09  12  14  28  29  +  09
第2015017期:  13  18  20  25  27  33  +  12
第2015016期:  02  06  10  15  17  31  +  13
第2015015期:  01  07  20  24  25  33  +  04
第2015014期:  02  12  16  19  27  30  +  11
第2015013期:  08  09  24  25  26  29  +  01
第2015012期:  03  05  22  23  29  31  +  06
第2015011期:  04  14  15  17  18  20  +  15
第2015010期:  01  02  03  08  21  31  +  09
第2015009期:  04  07  14  17  21  25  +  14
第2015008期:  04  07  10  16  20  22  +  03
第2015007期:  01  07  09  17  20  33  +  08
第2015006期:  01  10  11  29  31  33  +  13
第2015005期:  07  10  16  17  18  32  +  15
第2015004期:  02  14  15  16  23  24  +  10
第2015003期:  10  15  20  23  24  31  +  15
第2015002期:  07  15  16  25  28  32  +  05
第2015001期:  01  07  09  16  20  23  +  06
第2014152期:  08  13  15  20  21  25  +  12
第2014151期:  04  05  08  11  21  27  +  08
第2014150期:  03  08  14  22  24  32  +  09
第2014149期:  07  09  10  15  19  33  +  01
第2014148期:  01  02  05  12  15  16  +  13
第2014147期:  06  07  22  26  31  32  +  10
第2014146期:  01  06  13  20  29  32  +  01
第2014145期:  10  12  13  23  26  29  +  11
第2014144期:  03  05  06  09  10  27  +  14
第2014143期:  03  12  18  20  25  26  +  16
第2014142期:  06  21  22  23  25  28  +  13
第2014141期:  08  09  11  16  21  24  +  10
第2014140期:  06  10  11  14  17  33  +  06
第2014139期:  01  14  15  20  25  29  +  11
第2014138期:  04  06  13  29  31  33  +  13
第2014137期:  03  06  09  11  25  29  +  09
第2014136期:  03  16  19  27  31  32  +  10
第2014135期:  02  04  11  13  25  33  +  01
第2014134期:  05  16  22  23  26  28  +  02
第2014133期:  13  14  16  23  30  31  +  13
第2014132期:  05  06  14  15  18  33  +  08
第2014131期:  05  17  21  22  28  32  +  14
第2014130期:  01  02  10  24  30  33  +  10
第2014129期:  05  08  09  20  28  32  +  02
第2014128期:  05  07  08  17  18  24  +  14
第2014127期:  02  10  12  21  23  27  +  12
第2014126期:  06  11  16  17  22  27  +  01
第2014125期:  10  11  15  26  31  32  +  06
第2014124期:  02  17  20  24  31  33  +  04
第2014123期:  01  06  11  17  28  33  +  05
第2014122期:  06  09  11  16  20  29  +  11
第2014121期:  01  02  13  22  28  30  +  09
第2014120期:  01  07  12  16  23  28  +  04
第2014119期:  06  13  17  20  26  29  +  09
第2014118期:  05  07  15  18  26  30  +  03
第2014117期:  05  10  17  25  28  29  +  04
第2014116期:  09  10  14  15  19  29  +  16
第2014115期:  01  09  10  11  13  32  +  03
第2014114期:  02  07  23  30  32  33  +  10
第2014113期:  12  14  28  31  32  33  +  07
第2014112期:  01  15  16  21  24  30  +  03
第2014111期:  02  08  17  20  22  28  +  02
第2014110期:  01  08  11  13  19  30  +  06
第2014109期:  02  05  11  15  19  28  +  02
第2014108期:  03  08  09  20  23  28  +  02
第2014107期:  11  14  17  22  25  27  +  16
第2014106期:  09  14  17  18  21  25  +  15
第2014105期:  14  16  17  19  27  32  +  04
第2014104期:  02  06  12  19  27  28  +  13
第2014103期:  03  08  09  10  18  33  +  04
第2014102期:  14  16  21  24  28  31  +  13
第2014101期:  16  18  20  23  24  32  +  07
第2014100期:  01  06  09  10  14  16  +  11
第2014099期:  01  05  10  11  13  32  +  14
第2014098期:  02  13  17  20  29  31  +  07
第2014097期:  07  13  24  25  27  32  +  15
第2014096期:  12  14  17  19  22  24  +  08
第2014095期:  05  06  08  14  22  31  +  08
第2014094期:  01  10  18  20  23  29  +  01
第2014093期:  02  08  09  10  20  29  +  05
第2014092期:  03  13  18  19  22  26  +  07
第2014091期:  01  05  12  19  27  29  +  14
第2014090期:  05  09  11  19  24  32  +  13
第2014089期:  04  06  14  17  27  30  +  09
第2014088期:  03  06  11  14  16  29  +  15
第2014087期:  06  18  22  23  32  33  +  06
第2014086期:  02  04  10  12  14  30  +  08
第2014085期:  01  02  11  19  23  29  +  08
第2014084期:  01  06  09  10  13  25  +  08
第2014083期:  05  06  19  21  23  33  +  12
第2014082期:  02  04  20  25  26  29  +  11
第2014081期:  08  14  22  24  27  29  +  10
第2014080期:  05  14  16  17  25  30  +  07
第2014079期:  02  07  16  22  27  28  +  02
第2014078期:  02  03  05  06  09  17  +  07
第2014077期:  08  09  12  15  19  22  +  10
第2014076期:  06  10  12  17  18  33  +  11
第2014075期:  03  09  11  22  27  29  +  06
第2014074期:  01  03  06  13  30  31  +  12
第2014073期:  01  12  16  20  30  33  +  02
第2014072期:  01  03  07  13  19  32  +  16
第2014071期:  02  04  12  17  22  25  +  14
第2014070期:  01  07  09  19  28  29  +  07
第2014069期:  05  12  17  19  25  30  +  11
第2014068期:  04  12  13  22  27  29  +  16
第2014067期:  01  06  07  17  18  23  +  06
第2014066期:  02  05  15  17  18  21  +  16
第2014065期:  03  04  05  08  10  22  +  06
第2014064期:  02  09  15  16  29  32  +  14
第2014063期:  03  08  17  21  22  31  +  16
第2014062期:  06  09  15  24  25  26  +  09
第2014061期:  02  14  17  27  28  31  +  08
第2014060期:  03  05  14  18  25  33  +  06
第2014059期:  05  08  12  13  23  25  +  13
第2014058期:  02  03  12  13  14  25  +  11
第2014057期:  02  04  12  18  23  31  +  08
第2014056期:  01  11  18  20  28  29  +  01
第2014055期:  02  09  14  19  21  30  +  04
第2014054期:  01  04  05  11  29  30  +  14
第2014053期:  14  17  19  22  26  31  +  02
第2014052期:  09  13  15  28  30  33  +  08
第2014051期:  10  16  19  21  23  24  +  13
第2014050期:  03  17  23  25  26  32  +  13
第2014049期:  06  07  16  17  23  32  +  06
第2014048期:  06  09  16  17  24  25  +  16
第2014047期:  08  10  11  12  19  29  +  15
第2014046期:  02  10  11  17  18  22  +  10
第2014045期:  02  04  09  11  19  22  +  15
第2014044期:  04  09  21  27  28  33  +  12
第2014043期:  02  05  09  14  24  33  +  09
第2014042期:  12  15  20  25  28  33  +  14
第2014041期:  07  11  16  18  21  22  +  02
第2014040期:  03  04  06  11  12  15  +  08
第2014039期:  03  11  15  19  20  31  +  07
第2014038期:  04  07  22  23  24  33  +  16
第2014037期:  06  13  14  24  25  30  +  07
第2014036期:  01  07  08  09  11  22  +  03
第2014035期:  07  08  09  17  32  33  +  06
第2014034期:  01  03  04  08  25  31  +  06
第2014033期:  05  13  23  28  32  33  +  12
第2014032期:  01  02  14  22  29  33  +  07
第2014031期:  04  10  16  17  21  27  +  14
第2014030期:  12  18  19  23  24  30  +  10
第2014029期:  02  07  14  16  21  29  +  14
第2014028期:  06  16  21  27  30  32  +  05
第2014027期:  08  10  14  16  30  31  +  01
第2014026期:  01  02  05  06  11  23  +  14
第2014025期:  01  05  10  14  16  30  +  16
第2014024期:  08  10  16  20  23  30  +  09
第2014023期:  07  09  13  17  21  22  +  10
第2014022期:  04  06  07  10  21  26  +  16
第2014021期:  08  10  15  17  22  29  +  12
第2014020期:  09  14  17  23  24  25  +  15
第2014019期:  02  10  15  19  20  21  +  07
第2014018期:  13  17  18  21  30  33  +  15
第2014017期:  04  06  07  14  25  26  +  10
第2014016期:  02  03  07  13  21  24  +  08
第2014015期:  02  11  19  30  32  33  +  09
第2014014期:  04  09  19  22  25  29  +  15
第2014013期:  05  09  13  15  17  21  +  13
第2014012期:  01  08  11  19  21  24  +  08
第2014011期:  09  10  13  14  21  32  +  02
第2014010期:  05  07  08  20  31  33  +  11
第2014009期:  08  09  19  20  25  32  +  16
第2014008期:  05  14  16  21  29  30  +  12
第2014007期:  08  10  12  14  18  28  +  14
第2014006期:  03  04  07  17  21  27  +  14
第2014005期:  15  18  23  27  32  33  +  04
第2014004期:  01  04  19  22  24  25  +  15
第2014003期:  06  10  11  28  30  33  +  12
第2014002期:  04  21  23  31  32  33  +  04
第2014001期:  03  09  15  20  27  29  +  01
第2013154期:  07  11  14  19  24  29  +  05
第2013153期:  08  11  13  18  28  33  +  10
第2013152期:  04  06  14  16  18  29  +  05
第2013151期:  03  09  10  19  28  33  +  09
第2013150期:  01  15  16  25  26  29  +  10
第2013149期:  09  18  25  26  30  32  +  11
第2013148期:  06  11  12  14  17  22  +  01
第2013147期:  02  15  16  17  19  30  +  08
第2013146期:  08  20  25  30  32  33  +  01
第2013145期:  06  10  13  16  23  24  +  15
第2013144期:  05  07  12  19  27  31  +  02
第2013143期:  12  18  21  22  27  32  +  11
第2013142期:  11  12  14  20  22  29  +  14
第2013141期:  03  04  05  25  30  31  +  04
第2013140期:  01  05  12  13  21  22  +  10
第2013139期:  07  08  11  13  21  27  +  08
第2013138期:  04  15  16  24  27  28  +  03
第2013137期:  04  17  19  23  24  27  +  10
第2013136期:  04  06  14  16  18  26  +  06
第2013135期:  09  23  24  25  29  31  +  12
第2013134期:  01  17  18  19  25  29  +  10
第2013133期:  04  07  12  19  22  25  +  01
第2013132期:  20  21  22  23  25  27  +  12
第2013131期:  04  06  12  17  19  26  +  09
第2013130期:  01  03  15  16  31  33  +  08
第2013129期:  05  06  10  14  27  31  +  14
第2013128期:  07  13  17  19  25  31  +  08
第2013127期:  02  03  13  20  22  33  +  14
第2013126期:  04  10  19  27  31  33  +  16
第2013125期:  04  06  08  18  25  28  +  16
第2013124期:  03  09  15  23  25  30  +  07
第2013123期:  01  02  06  11  17  25  +  02
第2013122期:  07  10  13  15  26  27  +  11
第2013121期:  04  05  06  07  25  27  +  07
第2013120期:  05  06  13  18  23  31  +  11
第2013119期:  05  15  20  22  26  32  +  09
第2013118期:  02  03  17  22  32  33  +  16
第2013117期:  09  12  13  24  27  33  +  16
第2013116期:  12  15  21  26  32  33  +  07
第2013115期:  03  12  16  17  18  27  +  08
第2013114期:  04  06  17  21  23  33  +  07
第2013113期:  04  07  11  17  24  33  +  09
第2013112期:  01  06  12  13  22  31  +  07
第2013111期:  01  02  03  06  08  33  +  13
第2013110期:  15  17  18  21  29  32  +  13
第2013109期:  09  23  24  27  29  32  +  08
第2013108期:  16  21  22  28  31  32  +  05
第2013107期:  07  09  11  17  28  31  +  11
第2013106期:  09  11  23  30  31  32  +  06
第2013105期:  01  11  23  27  31  32  +  09
第2013104期:  01  02  04  15  17  28  +  11
第2013103期:  02  04  09  13  18  20  +  07
第2013102期:  02  04  05  06  08  16  +  03
第2013101期:  05  07  09  23  27  32  +  01
第2013100期:  04  08  11  14  16  20  +  11
第2013099期:  05  11  20  21  26  31  +  03
第2013098期:  07  15  18  19  20  26  +  14
第2013097期:  05  14  17  22  23  25  +  07
第2013096期:  01  02  22  28  29  30  +  15
第2013095期:  01  06  15  19  28  29  +  10
第2013094期:  02  04  14  18  20  22  +  07
第2013093期:  01  02  08  26  29  31  +  14
第2013092期:  07  11  15  21  26  31  +  06
第2013091期:  04  14  24  25  28  31  +  10
第2013090期:  02  05  11  23  24  29  +  08
第2013089期:  04  08  12  19  21  25  +  13
第2013088期:  09  15  20  21  22  24  +  14
第2013087期:  02  13  19  23  24  28  +  05
第2013086期:  02  04  11  13  16  26  +  11
第2013085期:  02  08  12  14  16  32  +  16
第2013084期:  05  07  09  11  20  21  +  03
第2013083期:  05  06  12  14  19  23  +  09
第2013082期:  04  13  14  20  22  30  +  06
第2013081期:  01  04  10  13  21  31  +  13
第2013080期:  10  11  12  23  28  32  +  16
第2013079期:  07  13  17  19  22  26  +  13
第2013078期:  03  05  17  18  26  27  +  15
第2013077期:  09  14  23  24  26  29  +  03
第2013076期:  14  23  24  26  29  30  +  03
第2013075期:  04  06  09  25  30  33  +  14
第2013074期:  03  06  08  14  19  32  +  03
第2013073期:  02  09  13  17  20  28  +  11
第2013072期:  02  08  11  14  19  33  +  09
第2013071期:  05  12  21  23  26  28  +  09
第2013070期:  02  03  09  10  28  30  +  06
第2013069期:  07  16  17  18  30  33  +  06
第2013068期:  02  07  13  20  25  27  +  06
第2013067期:  01  04  09  15  22  30  +  06
第2013066期:  01  03  16  17  20  32  +  07
第2013065期:  07  18  19  23  29  30  +  02
第2013064期:  01  09  13  22  25  32  +  12
第2013063期:  10  15  18  20  23  31  +  12
第2013062期:  01  06  07  19  22  27  +  02
第2013061期:  05  06  07  12  13  18  +  12
第2013060期:  05  07  10  13  19  20  +  15
第2013059期:  03  10  18  24  27  29  +  09
第2013058期:  08  11  17  21  23  24  +  05
第2013057期:  13  16  19  23  26  28  +  05
第2013056期:  03  12  25  26  28  29  +  16
第2013055期:  08  18  19  22  27  32  +  06
第2013054期:  03  04  08  14  21  28  +  14
第2013053期:  03  12  13  22  30  33  +  14
第2013052期:  06  07  14  21  22  24  +  13
第2013051期:  08  12  15  19  28  29  +  02
第2013050期:  03  07  13  18  22  25  +  03
第2013049期:  10  13  14  16  21  32  +  14
第2013048期:  10  13  17  28  30  32  +  04
第2013047期:  01  08  11  17  27  30  +  12
第2013046期:  03  16  19  20  24  26  +  06
第2013045期:  06  07  08  14  23  31  +  12
第2013044期:  03  05  11  18  26  28  +  06
第2013043期:  03  06  14  15  17  25  +  16
第2013042期:  01  08  12  13  15  33  +  03
第2013041期:  02  10  12  17  23  24  +  05
第2013040期:  02  04  10  12  17  30  +  10
第2013039期:  01  02  14  15  24  29  +  06
第2013038期:  09  10  12  14  15  19  +  11
第2013037期:  02  15  18  27  28  32  +  14
第2013036期:  04  05  09  27  29  31  +  13
第2013035期:  01  14  15  17  26  30  +  02
第2013034期:  06  15  20  22  26  33  +  09
第2013033期:  05  06  13  17  19  28  +  01
第2013032期:  04  21  25  29  30  33  +  03
第2013031期:  03  13  14  15  21  33  +  03
第2013030期:  07  14  18  25  26  29  +  06
第2013029期:  06  07  10  19  23  29  +  12
第2013028期:  07  08  14  25  26  28  +  13
第2013027期:  01  02  04  12  21  24  +  12
第2013026期:  04  11  14  15  22  31  +  11
第2013025期:  16  17  18  24  25  30  +  08
第2013024期:  04  05  13  23  27  30  +  09
第2013023期:  03  06  15  18  30  32  +  05
第2013022期:  02  04  07  09  15  20  +  07
第2013021期:  01  06  17  19  26  31  +  11
第2013020期:  01  07  08  12  16  21  +  01
第2013019期:  01  02  05  16  20  26  +  06
第2013018期:  02  08  13  28  29  30  +  05
第2013017期:  04  06  12  30  31  32  +  09
第2013016期:  02  05  06  12  14  28  +  05
第2013015期:  05  06  07  11  13  18  +  15
第2013014期:  02  04  05  17  19  20  +  08
第2013013期:  05  06  13  19  22  28  +  09
第2013012期:  06  14  17  22  28  29  +  02
第2013011期:  03  12  17  24  27  29  +  09
第2013010期:  01  09  11  17  32  33  +  12
第2013009期:  01  04  09  13  16  23  +  02
第2013008期:  03  08  17  21  25  32  +  15
第2013007期:  02  09  15  22  26  32  +  01
第2013006期:  09  10  13  17  22  30  +  13
第2013005期:  01  13  14  25  31  32  +  12
第2013004期:  06  10  16  20  27  32  +  08
第2013003期:  22  23  26  27  28  33  +  09
第2013002期:  01  16  18  22  28  30  +  12
第2013001期:  06  08  14  15  24  25  +  06
第2012154期:  05  07  12  16  28  32  +  04
第2012153期:  04  05  11  21  27  28  +  10
第2012152期:  10  12  18  22  28  29  +  07
第2012151期:  05  14  24  25  26  32  +  01
第2012150期:  09  11  17  23  24  26  +  07
第2012149期:  01  05  13  25  26  32  +  13
第2012148期:  03  06  11  17  21  31  +  07
第2012147期:  02  12  15  23  24  32  +  09
第2012146期:  01  05  07  13  29  32  +  13
第2012145期:  05  20  26  27  28  33  +  03
第2012144期:  03  10  12  13  27  30  +  04
第2012143期:  07  08  18  25  30  32  +  06
第2012142期:  05  18  22  28  29  31  +  06
第2012141期:  03  05  08  19  20  27  +  09
第2012140期:  14  18  27  30  31  33  +  15
第2012139期:  08  19  21  24  28  31  +  15
第2012138期:  01  07  16  17  19  21  +  14
第2012137期:  01  02  04  06  13  17  +  07
第2012136期:  02  07  08  17  21  28  +  11
第2012135期:  02  05  07  08  11  17  +  16
第2012134期:  02  05  06  07  13  23  +  15
第2012133期:  01  08  11  20  21  29  +  02
第2012132期:  07  12  16  17  21  25  +  10
第2012131期:  06  18  19  26  28  32  +  12
第2012130期:  01  03  15  20  22  31  +  03
第2012129期:  01  07  09  17  21  29  +  01
第2012128期:  05  09  12  29  30  31  +  05
第2012127期:  01  09  11  21  26  32  +  08
第2012126期:  03  05  12  15  23  24  +  07
第2012125期:  08  12  13  26  29  33  +  01
第2012124期:  06  07  21  25  27  33  +  11
第2012123期:  08  10  16  25  28  33  +  09
第2012122期:  12  13  19  22  28  29  +  11
第2012121期:  01  07  08  20  23  24  +  11
第2012120期:  01  04  20  24  28  29  +  16
第2012119期:  12  20  25  26  27  28  +  13
第2012118期:  05  06  07  12  15  28  +  11
第2012117期:  13  15  18  20  24  28  +  09
第2012116期:  03  21  26  29  31  32  +  03
第2012115期:  03  08  20  24  26  32  +  14
第2012114期:  01  06  11  26  27  29  +  15
第2012113期:  03  06  09  13  18  32  +  06
第2012112期:  08  15  20  21  27  31  +  06
第2012111期:  02  09  10  20  22  31  +  13
第2012110期:  03  07  10  13  22  32  +  09
第2012109期:  02  12  24  26  29  31  +  03
第2012108期:  01  09  12  13  19  28  +  13
第2012107期:  11  12  15  24  25  31  +  09
第2012106期:  13  14  20  22  23  32  +  16
第2012105期:  06  13  14  15  17  30  +  04
第2012104期:  04  05  09  10  19  28  +  03
第2012103期:  04  09  11  14  32  33  +  02
第2012102期:  13  25  27  28  29  30  +  15
第2012101期:  09  12  17  18  20  33  +  02
第2012100期:  05  07  15  18  25  33  +  10
第2012099期:  08  12  15  16  21  27  +  16
第2012098期:  02  12  19  26  29  31  +  09
第2012097期:  05  08  13  14  19  22  +  06
第2012096期:  04  07  11  16  29  33  +  07
第2012095期:  17  24  27  28  29  30  +  02
第2012094期:  06  09  14  16  23  33  +  15
第2012093期:  03  05  19  21  24  33  +  13
第2012092期:  06  13  17  18  28  32  +  03
第2012091期:  01  05  07  08  19  21  +  16
第2012090期:  02  13  20  25  29  30  +  11
第2012089期:  03  07  10  13  14  25  +  11
第2012088期:  03  05  23  24  27  31  +  15
第2012087期:  03  10  11  13  14  22  +  09
第2012086期:  08  09  13  15  22  23  +  08
第2012085期:  05  17  24  30  31  33  +  05
第2012084期:  02  10  20  26  28  29  +  14
第2012083期:  04  09  14  15  26  33  +  04
第2012082期:  02  04  11  18  22  29  +  06
第2012081期:  02  05  10  24  25  29  +  06
第2012080期:  04  09  14  15  16  27  +  03
第2012079期:  06  07  12  24  30  33  +  12
第2012078期:  08  15  22  24  28  33  +  12
第2012077期:  02  04  13  18  26  28  +  12
第2012076期:  11  18  22  27  29  30  +  15
第2012075期:  04  06  22  23  29  32  +  11
第2012074期:  15  16  18  19  28  32  +  08
第2012073期:  04  07  09  10  17  27  +  05
第2012072期:  02  03  07  09  13  30  +  06
第2012071期:  03  04  19  21  22  23  +  08
第2012070期:  02  03  04  24  31  32  +  11
第2012069期:  08  10  11  18  20  29  +  06
第2012068期:  05  17  22  26  32  33  +  10
第2012067期:  04  05  10  21  26  30  +  16
第2012066期:  01  02  09  26  29  33  +  12
第2012065期:  08  10  18  19  27  31  +  14
第2012064期:  05  10  11  16  23  24  +  11
第2012063期:  02  10  17  19  24  27  +  12
第2012062期:  02  13  16  17  20  31  +  07
第2012061期:  03  08  11  12  14  18  +  14
第2012060期:  07  10  13  16  17  29  +  01
第2012059期:  04  13  21  22  26  31  +  01
第2012058期:  03  06  15  20  25  26  +  04
第2012057期:  03  05  19  21  27  31  +  04
第2012056期:  04  07  14  17  26  31  +  10
第2012055期:  04  06  13  20  24  28  +  01
第2012054期:  06  14  18  20  30  33  +  14
第2012053期:  04  15  22  25  27  33  +  04
第2012052期:  02  03  05  06  20  24  +  04
第2012051期:  02  12  14  17  30  31  +  09
第2012050期:  07  13  15  17  19  24  +  11
第2012049期:  04  12  13  19  20  32  +  02
第2012048期:  01  05  14  22  24  30  +  10
第2012047期:  06  07  11  16  32  33  +  11
第2012046期:  04  12  19  20  23  33  +  06
第2012045期:  08  11  20  21  27  30  +  09
第2012044期:  06  09  10  14  22  25  +  03
第2012043期:  02  09  11  21  26  33  +  03
第2012042期:  05  06  11  19  24  28  +  16
第2012041期:  08  11  15  20  24  32  +  02
第2012040期:  03  08  09  22  25  31  +  10
第2012039期:  01  02  05  13  22  29  +  08
第2012038期:  09  10  11  15  19  33  +  16
第2012037期:  05  14  19  24  28  33  +  09
第2012036期:  02  11  13  18  19  26  +  09
第2012035期:  09  11  12  21  24  26  +  05
第2012034期:  02  03  08  23  32  33  +  16
第2012033期:  02  03  15  16  17  27  +  04
第2012032期:  01  02  10  17  22  24  +  04
第2012031期:  04  16  22  24  27  31  +  03
第2012030期:  09  10  17  18  21  31  +  08
第2012029期:  04  07  15  25  26  28  +  03
第2012028期:  10  15  20  21  28  30  +  11
第2012027期:  04  16  22  25  30  31  +  12
第2012026期:  03  07  09  15  24  25  +  16
第2012025期:  03  08  09  17  25  27  +  06
第2012024期:  04  12  19  21  25  28  +  13
第2012023期:  05  09  15  23  24  33  +  02
第2012022期:  04  08  12  24  26  27  +  04
第2012021期:  01  15  16  18  22  30  +  03
第2012020期:  03  08  12  18  23  29  +  11
第2012019期:  07  14  18  20  22  30  +  16
第2012018期:  03  05  06  22  26  32  +  15
第2012017期:  06  09  14  19  25  28  +  10
第2012016期:  02  05  12  17  22  25  +  08
第2012015期:  01  03  06  10  21  23  +  15
第2012014期:  01  02  05  16  28  30  +  12
第2012013期:  06  08  24  29  30  32  +  13
第2012012期:  15  17  18  20  23  27  +  01
第2012011期:  04  14  15  16  20  26  +  05
第2012010期:  01  03  13  19  25  26  +  10
第2012009期:  04  16  24  26  27  33  +  11
第2012008期:  01  12  20  23  24  29  +  08
第2012007期:  10  17  19  27  28  32  +  04
第2012006期:  02  22  25  29  32  33  +  08
第2012005期:  07  09  18  27  31  33  +  06
第2012004期:  01  05  10  11  21  23  +  16
第2012003期:  03  06  08  24  29  31  +  09
第2012002期:  02  03  07  09  10  32  +  13
第2012001期:  01  04  05  09  15  17  +  06
第2011153期:  05  08  09  10  20  25  +  13
第2011152期:  04  10  11  12  21  26  +  13
第2011151期:  07  11  16  19  31  33  +  10
第2011150期:  08  10  12  15  22  27  +  13
第2011149期:  04  05  06  07  23  31  +  16
第2011148期:  05  14  22  23  25  26  +  14
第2011147期:  04  08  12  17  18  30  +  10
第2011146期:  11  23  26  28  32  33  +  10
第2011145期:  02  04  14  15  26  30  +  04
第2011144期:  01  02  09  10  16  24  +  03
第2011143期:  07  08  12  14  15  30  +  16
第2011142期:  12  15  16  26  29  31  +  02
第2011141期:  02  04  06  19  24  29  +  11
第2011140期:  04  18  20  22  27  29  +  06
第2011139期:  08  20  24  27  30  31  +  03
第2011138期:  01  05  15  24  28  32  +  07
第2011137期:  02  11  18  23  30  33  +  13
第2011136期:  02  04  06  20  22  31  +  07
第2011135期:  12  13  17  20  25  26  +  12
第2011134期:  01  02  06  07  30  31  +  10
第2011133期:  12  14  20  21  25  31  +  16
第2011132期:  02  05  12  13  25  33  +  07
第2011131期:  02  07  09  17  21  25  +  01
第2011130期:  07  14  18  23  25  32  +  15
第2011129期:  07  10  11  21  23  26  +  06
第2011128期:  09  11  14  17  19  23  +  12
第2011127期:  16  19  22  23  27  29  +  11
第2011126期:  03  07  13  18  23  26  +  16
第2011125期:  03  10  15  24  27  32  +  08
第2011124期:  09  18  19  26  31  32  +  16
第2011123期:  01  04  05  14  19  28  +  16
第2011122期:  10  12  18  26  27  31  +  03
第2011121期:  04  14  22  25  32  33  +  02
第2011120期:  04  14  17  28  30  33  +  07
第2011119期:  09  12  14  19  28  32  +  01
第2011118期:  05  06  11  14  20  21  +  10
第2011117期:  08  10  19  26  28  30  +  04
第2011116期:  01  07  11  12  17  27  +  05
第2011115期:  07  08  09  12  17  33  +  16
第2011114期:  01  14  15  16  30  32  +  09
第2011113期:  06  10  11  25  32  33  +  05
第2011112期:  03  05  16  18  23  24  +  15
第2011111期:  01  03  05  20  25  27  +  04
第2011110期:  12  14  21  26  28  33  +  12
第2011109期:  01  03  09  15  16  33  +  15
第2011108期:  02  17  22  26  29  33  +  10
第2011107期:  04  09  16  17  22  29  +  15
第2011106期:  02  11  12  14  24  32  +  14
第2011105期:  04  06  23  25  27  28  +  01
第2011104期:  09  10  16  20  25  29  +  09
第2011103期:  04  05  10  13  15  16  +  12
第2011102期:  01  05  13  21  27  31  +  11
第2011101期:  06  10  19  23  29  31  +  06
第2011100期:  07  11  21  23  31  32  +  05
第2011099期:  10  12  13  21  26  27  +  14
第2011098期:  03  07  20  21  22  32  +  05
第2011097期:  09  17  19  20  21  26  +  16
第2011096期:  01  04  07  13  14  19  +  15
第2011095期:  03  07  08  10  23  24  +  05
第2011094期:  09  11  12  17  18  19  +  05
第2011093期:  04  07  11  13  23  30  +  09
第2011092期:  05  10  17  26  31  32  +  04
第2011091期:  09  15  21  23  28  30  +  03
第2011090期:  02  05  14  18  21  25  +  16
第2011089期:  01  02  11  24  29  30  +  12
第2011088期:  03  09  17  20  21  29  +  04
第2011087期:  02  03  04  05  18  28  +  01
第2011086期:  06  07  09  12  17  24  +  09
第2011085期:  03  06  11  21  24  31  +  10
第2011084期:  09  10  12  16  18  32  +  15
第2011083期:  07  16  18  24  28  29  +  06
第2011082期:  07  16  17  20  25  26  +  04
第2011081期:  06  14  19  23  25  32  +  12
第2011080期:  02  07  09  25  31  32  +  09
第2011079期:  03  14  15  16  24  29  +  05
第2011078期:  03  05  13  20  22  29  +  09
第2011077期:  01  07  08  15  26  29  +  10
第2011076期:  06  19  21  26  32  33  +  13
第2011075期:  07  09  10  12  31  32  +  13
第2011074期:  02  21  26  28  29  32  +  01
第2011073期:  03  04  05  12  17  21  +  14
第2011072期:  01  06  10  11  18  27  +  12
第2011071期:  01  02  15  22  28  30  +  02
第2011070期:  01  03  05  12  21  28  +  12
第2011069期:  02  13  16  18  24  30  +  12
第2011068期:  03  07  10  15  19  24  +  10
第2011067期:  17  19  20  24  25  27  +  12
第2011066期:  04  06  14  17  30  32  +  12
第2011065期:  04  16  23  25  27  29  +  03
第2011064期:  03  06  07  29  30  33  +  02
第2011063期:  04  06  13  15  18  19  +  05
第2011062期:  04  08  09  10  29  30  +  03
第2011061期:  02  03  08  13  19  21  +  03
第2011060期:  10  11  13  21  27  31  +  01
第2011059期:  24  26  27  29  31  33  +  16
第2011058期:  07  18  22  30  32  33  +  06
第2011057期:  04  06  20  21  26  33  +  02
第2011056期:  13  16  19  20  23  25  +  10
第2011055期:  08  13  16  17  29  32  +  16
第2011054期:  08  11  16  17  22  33  +  08
第2011053期:  03  06  10  12  22  30  +  15
第2011052期:  04  05  08  19  27  28  +  08
第2011051期:  01  07  11  14  15  16  +  14
第2011050期:  04  05  19  22  28  29  +  15
第2011049期:  01  11  17  18  27  31  +  14
第2011048期:  10  14  18  25  26  27  +  15
第2011047期:  04  13  23  25  27  33  +  14
第2011046期:  09  17  18  26  29  30  +  08
第2011045期:  02  16  17  20  26  32  +  08
第2011044期:  03  14  16  26  27  31  +  09
第2011043期:  04  13  14  17  25  31  +  04
第2011042期:  05  13  15  17  19  21  +  15
第2011041期:  04  10  12  13  30  32  +  13
第2011040期:  05  11  14  24  26  28  +  13
第2011039期:  03  07  10  16  24  29  +  13
第2011038期:  02  14  15  19  23  24  +  12
第2011037期:  01  03  04  06  17  25  +  11
第2011036期:  02  11  20  22  24  31  +  05
第2011035期:  13  14  18  20  27  31  +  02
第2011034期:  13  14  17  19  24  31  +  08
第2011033期:  02  08  12  13  19  29  +  04
第2011032期:  03  05  07  13  14  15  +  15
第2011031期:  16  17  24  28  29  32  +  12
第2011030期:  02  09  19  24  25  33  +  10
第2011029期:  01  04  09  10  20  31  +  07
第2011028期:  01  04  05  14  16  17  +  01
第2011027期:  13  18  21  22  25  26  +  01
第2011026期:  07  08  17  19  21  26  +  12
第2011025期:  08  25  26  31  32  33  +  09
第2011024期:  05  07  10  19  26  31  +  14
第2011023期:  02  03  06  21  22  25  +  05
第2011022期:  02  07  14  16  17  21  +  05
第2011021期:  01  02  14  18  25  31  +  08
第2011020期:  12  16  17  19  24  30  +  05
第2011019期:  02  04  12  19  32  33  +  16
第2011018期:  13  15  18  28  30  33  +  01
第2011017期:  02  06  15  23  26  33  +  08
第2011016期:  03  04  16  17  22  29  +  13
第2011015期:  03  06  13  26  27  29  +  07
第2011014期:  05  07  10  11  23  26  +  16
第2011013期:  01  03  13  16  21  22  +  08
第2011012期:  07  08  11  13  15  26  +  13
第2011011期:  01  12  18  19  21  24  +  10
第2011010期:  01  04  05  09  15  19  +  13
第2011009期:  17  18  23  24  25  26  +  04
第2011008期:  10  12  13  17  24  31  +  15
第2011007期:  01  09  17  24  26  31  +  05
第2011006期:  01  03  05  13  16  18  +  05
第2011005期:  06  09  12  14  20  22  +  13
第2011004期:  04  06  08  10  13  26  +  05
第2011003期:  13  14  21  22  23  27  +  04
第2011002期:  06  08  12  17  28  33  +  05
第2011001期:  03  09  20  24  26  32  +  10
第2010153期:  03  06  12  19  30  31  +  13
第2010152期:  04  09  17  21  25  31  +  01
第2010151期:  02  13  14  17  19  26  +  14
第2010150期:  02  17  18  23  29  30  +  06
第2010149期:  02  07  08  16  25  30  +  09
第2010148期:  01  03  07  18  23  27  +  12
第2010147期:  02  08  15  18  24  30  +  03
第2010146期:  01  17  18  22  25  32  +  01
第2010145期:  03  21  24  27  28  31  +  08
第2010144期:  02  03  08  15  19  21  +  11
第2010143期:  09  16  18  26  30  31  +  14
第2010142期:  02  16  18  23  26  27  +  10
第2010141期:  02  03  07  18  23  27  +  06
第2010140期:  01  12  13  18  26  29  +  15
第2010139期:  11  13  18  20  26  31  +  09
第2010138期:  01  21  23  24  26  30  +  05
第2010137期:  07  09  10  13  19  33  +  06
第2010136期:  04  10  23  24  26  33  +  10
第2010135期:  04  10  13  25  26  30  +  10
第2010134期:  09  15  16  22  27  28  +  06
第2010133期:  03  09  17  21  26  32  +  01
第2010132期:  02  10  12  18  24  33  +  15
第2010131期:  05  06  15  16  19  26  +  06
第2010130期:  01  02  07  15  21  31  +  16
第2010129期:  04  08  14  25  28  32  +  16
第2010128期:  04  11  19  20  24  28  +  12
第2010127期:  01  04  08  17  25  33  +  01
第2010126期:  03  13  18  20  27  28  +  05
第2010125期:  06  07  13  23  28  29  +  09
第2010124期:  02  06  08  11  12  25  +  02
第2010123期:  06  12  15  18  29  32  +  10
第2010122期:  02  09  12  16  25  27  +  06
第2010121期:  08  11  13  18  25  30  +  15
第2010120期:  01  02  05  06  10  29  +  16
第2010119期:  07  17  25  27  30  31  +  09
第2010118期:  05  08  11  13  15  25  +  05
第2010117期:  01  08  20  22  24  28  +  01
第2010116期:  05  09  10  20  22  26  +  07
第2010115期:  01  22  24  25  29  33  +  15
第2010114期:  01  08  11  15  17  25  +  01
第2010113期:  05  10  15  18  20  28  +  10
第2010112期:  01  08  18  24  29  30  +  16
第2010111期:  04  07  08  13  17  18  +  10
第2010110期:  01  03  12  24  26  27  +  01
第2010109期:  04  15  18  25  29  32  +  15
第2010108期:  02  04  08  20  23  24  +  07
第2010107期:  08  12  15  17  22  33  +  16
第2010106期:  02  06  08  15  26  29  +  16
第2010105期:  01  08  09  19  21  31  +  11
第2010104期:  07  17  23  24  27  32  +  02
第2010103期:  06  09  14  17  20  33  +  09
第2010102期:  04  11  16  20  22  29  +  10
第2010101期:  04  09  18  21  25  26  +  06
第2010100期:  01  06  12  22  23  26  +  08
第2010099期:  03  04  17  24  27  30  +  06
第2010098期:  01  03  08  16  29  33  +  07
第2010097期:  10  16  18  21  24  26  +  01
第2010096期:  07  12  21  23  24  28  +  03
第2010095期:  09  11  16  17  25  27  +  14
第2010094期:  03  05  07  27  31  32  +  10
第2010093期:  09  10  19  28  32  33  +  06
第2010092期:  03  13  19  27  28  30  +  02
第2010091期:  06  13  16  20  22  24  +  16
第2010090期:  01  06  10  15  25  31  +  14
第2010089期:  07  08  09  16  23  26  +  01
第2010088期:  05  06  15  23  27  30  +  12
第2010087期:  01  08  16  17  25  30  +  10
第2010086期:  05  21  28  29  30  31  +  08
第2010085期:  01  08  12  13  24  27  +  08
第2010084期:  02  10  14  18  20  30  +  03
第2010083期:  02  20  21  22  23  31  +  12
第2010082期:  01  08  13  14  27  31  +  02
第2010081期:  02  03  09  24  26  27  +  05
第2010080期:  08  10  13  14  16  23  +  16
第2010079期:  08  11  12  14  18  22  +  02
第2010078期:  01  03  09  11  17  23  +  12
第2010077期:  02  08  14  20  21  24  +  09
第2010076期:  01  12  14  29  31  32  +  15
第2010075期:  05  09  12  13  15  22  +  14
第2010074期:  02  10  17  18  19  29  +  15
第2010073期:  01  16  20  23  27  31  +  02
第2010072期:  06  08  22  23  30  31  +  01
第2010071期:  05  13  14  17  20  26  +  01
第2010070期:  08  13  23  27  31  33  +  07
第2010069期:  12  14  20  22  24  32  +  11
第2010068期:  03  13  18  20  23  28  +  13
第2010067期:  01  07  10  14  21  25  +  01
第2010066期:  01  03  21  22  31  32  +  07
第2010065期:  02  07  08  17  30  32  +  12
第2010064期:  08  14  25  26  30  31  +  11
第2010063期:  02  06  10  17  23  24  +  03
第2010062期:  11  13  15  20  31  33  +  03
第2010061期:  02  04  16  19  22  26  +  12
第2010060期:  01  08  15  18  22  27  +  09
第2010059期:  01  09  11  12  18  30  +  10
第2010058期:  01  04  11  17  19  29  +  12
第2010057期:  05  11  12  19  25  32  +  05
第2010056期:  01  02  03  08  13  32  +  07
第2010055期:  02  03  13  19  20  23  +  08
第2010054期:  01  06  08  12  14  25  +  06
第2010053期:  03  22  24  27  28  30  +  14
第2010052期:  01  02  19  23  27  29  +  10
第2010051期:  04  17  23  27  28  32  +  03
第2010050期:  07  21  22  26  28  30  +  11
第2010049期:  01  06  10  26  27  28  +  02
第2010048期:  01  06  08  10  23  33  +  02
第2010047期:  03  10  13  20  21  32  +  15
第2010046期:  11  12  21  23  27  32  +  05
第2010045期:  02  03  04  13  20  29  +  01
第2010044期:  03  09  21  23  27  31  +  05
第2010043期:  04  10  19  22  28  33  +  04
第2010042期:  03  06  11  20  31  32  +  10
第2010041期:  03  05  13  19  25  29  +  12
第2010040期:  12  19  24  25  30  32  +  11
第2010039期:  08  17  21  23  25  32  +  12
第2010038期:  01  06  07  11  13  16  +  01
第2010037期:  03  16  19  21  24  26  +  06
第2010036期:  06  13  14  28  29  30  +  08
第2010035期:  09  10  11  18  19  21  +  10
第2010034期:  06  11  13  22  25  32  +  12
第2010033期:  08  10  11  12  25  29  +  09
第2010032期:  08  18  21  28  29  33  +  08
第2010031期:  05  07  13  24  25  28  +  04
第2010030期:  03  06  10  16  25  31  +  05
第2010029期:  01  05  14  16  17  22  +  03
第2010028期:  01  03  06  12  16  32  +  12
第2010027期:  03  04  15  25  26  30  +  13
第2010026期:  02  04  05  08  19  22  +  12
第2010025期:  04  05  07  10  13  25  +  11
第2010024期:  07  16  26  27  29  31  +  14
第2010023期:  02  09  11  22  24  27  +  11
第2010022期:  01  02  18  29  31  32  +  02
第2010021期:  02  09  16  17  19  25  +  04
第2010020期:  05  06  14  22  24  26  +  09
第2010019期:  02  10  22  24  26  27  +  06
第2010018期:  11  28  29  30  32  33  +  02
第2010017期:  01  03  06  11  12  23  +  11
第2010016期:  02  08  10  12  30  33  +  16
第2010015期:  01  04  16  21  23  28  +  06
第2010014期:  01  03  07  14  26  28  +  02
第2010013期:  01  02  03  16  18  23  +  12
第2010012期:  02  08  13  14  25  33  +  10
第2010011期:  07  08  14  22  24  30  +  07
第2010010期:  07  08  12  15  22  26  +  08
第2010009期:  01  09  13  21  24  32  +  06
第2010008期:  05  07  13  15  18  30  +  14
第2010007期:  14  22  27  28  30  33  +  14
第2010006期:  03  05  07  13  14  18  +  05
第2010005期:  03  05  06  08  17  18  +  14
第2010004期:  01  12  13  16  23  28  +  07
第2010003期:  14  22  26  27  28  31  +  04
第2010002期:  03  06  07  23  30  33  +  13
第2010001期:  07  17  18  27  29  32  +  13
第2009154期:  01  07  12  14  18  25  +  16
第2009153期:  06  07  08  20  21  25  +  10
第2009152期:  03  04  19  21  27  28  +  05
第2009151期:  06  08  10  16  25  30  +  14
第2009150期:  04  06  07  16  19  20  +  04
第2009149期:  01  03  16  18  22  29  +  04
第2009148期:  06  12  15  22  29  32  +  10
第2009147期:  06  08  10  18  22  32  +  16
第2009146期:  03  09  16  20  22  33  +  15
第2009145期:  03  05  11  15  26  33  +  11
第2009144期:  01  05  10  17  18  29  +  12
第2009143期:  05  09  11  17  23  28  +  10
第2009142期:  07  11  15  19  20  24  +  13
第2009141期:  02  13  21  28  29  31  +  09
第2009140期:  04  05  11  18  22  33  +  12
第2009139期:  01  05  15  17  27  29  +  02
第2009138期:  04  07  14  26  32  33  +  14
第2009137期:  08  12  14  15  17  21  +  01
第2009136期:  01  04  14  22  30  33  +  01
第2009135期:  01  03  14  19  30  33  +  16
第2009134期:  03  05  12  15  28  33  +  06
第2009133期:  05  09  13  18  20  32  +  01
第2009132期:  04  14  15  21  23  30  +  07
第2009131期:  16  23  25  26  32  33  +  05
第2009130期:  02  03  07  12  13  30  +  11
第2009129期:  06  07  16  17  24  25  +  07
第2009128期:  05  08  15  16  26  32  +  01
第2009127期:  02  11  12  14  15  16  +  04
第2009126期:  03  05  06  10  19  23  +  15
第2009125期:  06  07  08  22  26  27  +  12
第2009124期:  03  04  22  23  28  30  +  10
第2009123期:  09  13  20  22  25  28  +  14
第2009122期:  07  14  16  27  29  32  +  01
第2009121期:  02  04  06  10  25  30  +  09
第2009120期:  01  02  08  12  16  30  +  16
第2009119期:  06  07  10  12  15  21  +  05
第2009118期:  12  16  25  26  27  31  +  05
第2009117期:  05  09  15  21  26  31  +  13
第2009116期:  05  17  21  25  27  32  +  14
第2009115期:  02  09  13  15  19  24  +  03
第2009114期:  03  05  11  12  31  32  +  11
第2009113期:  04  12  20  25  28  29  +  16
第2009112期:  06  07  18  24  30  32  +  09
第2009111期:  02  04  07  14  15  25  +  15
第2009110期:  04  10  13  15  19  30  +  14
第2009109期:  05  06  07  14  25  28  +  01
第2009108期:  04  10  17  28  32  33  +  02
第2009107期:  07  08  20  23  28  29  +  05
第2009106期:  01  02  15  18  20  29  +  04
第2009105期:  02  08  10  16  27  30  +  15
第2009104期:  20  22  26  29  30  32  +  16
第2009103期:  06  11  17  20  23  24  +  09
第2009102期:  03  05  07  08  14  31  +  10
第2009101期:  01  02  05  10  19  24  +  14
第2009100期:  02  11  17  27  30  33  +  11
第2009099期:  08  09  18  20  25  29  +  09
第2009098期:  03  14  15  20  23  30  +  02
第2009097期:  07  13  24  26  28  32  +  14
第2009096期:  01  26  27  31  32  33  +  03
第2009095期:  08  09  14  28  31  33  +  15
第2009094期:  03  16  22  25  26  33  +  14
第2009093期:  01  11  20  31  32  33  +  01
第2009092期:  02  06  07  14  18  31  +  08
第2009091期:  03  08  11  14  25  29  +  04
第2009090期:  07  09  14  20  23  30  +  14
第2009089期:  02  03  07  11  19  32  +  04
第2009088期:  04  07  11  15  16  17  +  02
第2009087期:  06  11  13  20  28  32  +  06
第2009086期:  11  12  13  18  23  32  +  11
第2009085期:  04  08  12  17  20  30  +  03
第2009084期:  04  09  11  20  32  33  +  13
第2009083期:  02  08  12  18  24  28  +  04
第2009082期:  11  15  18  21  27  29  +  02
第2009081期:  04  05  06  25  29  30  +  03
第2009080期:  01  11  13  25  32  33  +  06
第2009079期:  02  09  16  21  30  31  +  13
第2009078期:  05  07  12  14  15  20  +  13
第2009077期:  01  09  14  16  28  32  +  16
第2009076期:  09  18  19  25  28  31  +  06
第2009075期:  01  13  15  17  20  30  +  05
第2009074期:  05  10  16  19  23  28  +  13
第2009073期:  09  16  17  18  22  27  +  14
第2009072期:  01  03  12  20  21  29  +  04
第2009071期:  04  05  23  26  31  32  +  06
第2009070期:  01  02  09  10  21  31  +  10
第2009069期:  03  05  12  18  21  23  +  02
第2009068期:  06  11  18  20  25  30  +  05
第2009067期:  04  10  16  23  28  30  +  05
第2009066期:  02  15  19  24  31  32  +  04
第2009065期:  08  12  20  22  30  33  +  02
第2009064期:  01  02  14  23  28  29  +  15
第2009063期:  02  05  11  26  30  32  +  16
第2009062期:  10  19  20  21  23  32  +  10
第2009061期:  10  11  13  16  19  30  +  03
第2009060期:  07  13  17  26  32  33  +  04
第2009059期:  03  07  13  23  27  30  +  11
第2009058期:  05  08  10  15  23  26  +  09
第2009057期:  05  07  10  14  17  25  +  11
第2009056期:  04  09  10  18  29  32  +  08
第2009055期:  03  04  18  22  24  29  +  11
第2009054期:  16  17  23  26  31  32  +  11
第2009053期:  07  12  18  19  22  28  +  04
第2009052期:  09  11  15  19  21  30  +  08
第2009051期:  06  10  13  16  21  23  +  07
第2009050期:  13  21  24  29  30  32  +  04
第2009049期:  09  12  14  20  30  31  +  06
第2009048期:  03  07  11  15  17  31  +  01
第2009047期:  06  08  11  15  21  22  +  16
第2009046期:  16  20  21  26  29  30  +  09
第2009045期:  03  04  06  23  30  32  +  01
第2009044期:  11  14  16  18  26  30  +  01
第2009043期:  04  09  10  15  18  26  +  07
第2009042期:  08  16  22  23  27  30  +  11
第2009041期:  01  08  23  26  28  33  +  08
第2009040期:  04  07  10  20  26  30  +  12
第2009039期:  05  12  14  15  21  27  +  03
第2009038期:  12  13  15  23  28  32  +  05
第2009037期:  02  06  15  18  20  31  +  03
第2009036期:  06  09  18  23  32  33  +  07
第2009035期:  06  15  21  26  29  31  +  05
第2009034期:  09  12  18  21  22  26  +  07
第2009033期:  07  08  13  14  29  30  +  06
第2009032期:  09  11  12  19  27  32  +  06
第2009031期:  01  02  03  15  30  33  +  01
第2009030期:  08  14  24  26  28  32  +  07
第2009029期:  12  13  15  22  23  29  +  13
第2009028期:  03  06  12  15  23  26  +  10
第2009027期:  02  07  11  16  27  32  +  06
第2009026期:  11  15  17  18  20  30  +  16
第2009025期:  10  20  22  23  26  33  +  11
第2009024期:  01  03  17  23  30  33  +  12
第2009023期:  01  06  07  15  24  30  +  08
第2009022期:  05  08  09  10  11  18  +  08
第2009021期:  01  04  05  17  24  27  +  09
第2009020期:  03  05  07  10  19  23  +  13
第2009019期:  06  17  19  20  26  27  +  04
第2009018期:  02  05  06  19  27  30  +  15
第2009017期:  06  14  15  19  25  26  +  08
第2009016期:  02  07  13  16  20  33  +  03
第2009015期:  02  04  06  15  17  32  +  05
第2009014期:  03  06  09  14  15  18  +  02
第2009013期:  04  08  09  21  26  27  +  09
第2009012期:  05  11  14  17  18  28  +  01
第2009011期:  02  04  13  14  18  23  +  15
第2009010期:  03  10  17  19  20  24  +  02
第2009009期:  08  15  21  30  31  33  +  02
第2009008期:  04  15  16  22  32  33  +  02
第2009007期:  01  05  12  23  25  26  +  15
第2009006期:  06  12  18  20  26  33  +  02
第2009005期:  01  03  08  15  17  21  +  13
第2009004期:  03  11  13  17  28  31  +  03
第2009003期:  02  03  06  15  25  30  +  02
第2009002期:  10  14  17  25  29  33  +  14
第2009001期:  04  21  23  24  30  31  +  04
第2008154期:  02  05  07  21  22  26  +  08
第2008153期:  01  04  18  21  24  30  +  16
第2008152期:  01  04  06  22  26  30  +  08
第2008151期:  06  08  10  14  17  19  +  06
第2008150期:  04  19  22  24  29  32  +  02
第2008149期:  10  14  22  28  29  33  +  02
第2008148期:  03  05  09  22  26  28  +  09
第2008147期:  07  08  14  22  26  33  +  02
第2008146期:  07  08  17  19  31  32  +  10
第2008145期:  07  13  18  22  26  29  +  02
第2008144期:  02  05  10  27  29  33  +  15
第2008143期:  12  17  18  19  26  27  +  06
第2008142期:  05  06  10  13  17  28  +  15
第2008141期:  03  13  20  25  29  33  +  15
第2008140期:  07  14  16  29  30  31  +  14
第2008139期:  08  09  19  23  25  26  +  07
第2008138期:  07  14  19  23  25  32  +  04
第2008137期:  01  04  24  28  29  33  +  09
第2008136期:  05  09  10  12  18  28  +  02
第2008135期:  05  14  15  16  19  21  +  15
第2008134期:  10  15  19  20  28  32  +  02
第2008133期:  08  11  16  19  24  26  +  11
第2008132期:  09  13  16  25  27  33  +  08
第2008131期:  02  12  15  18  22  32  +  08
第2008130期:  01  12  18  28  30  32  +  06
第2008129期:  01  03  18  24  25  32  +  15
第2008128期:  01  05  19  20  27  33  +  05
第2008127期:  05  08  19  22  27  30  +  13
第2008126期:  04  11  12  14  20  30  +  13
第2008125期:  10  11  12  15  26  29  +  09
第2008124期:  01  07  10  13  21  22  +  03
第2008123期:  10  11  15  16  25  29  +  02
第2008122期:  02  08  11  14  19  26  +  15
第2008121期:  02  22  23  27  31  32  +  06
第2008120期:  10  11  22  24  26  33  +  02
第2008119期:  05  07  09  15  24  29  +  07
第2008118期:  04  09  16  27  31  33  +  01
第2008117期:  03  05  07  10  14  33  +  07
第2008116期:  03  07  21  22  24  29  +  14
第2008115期:  02  12  13  14  17  18  +  06
第2008114期:  04  09  20  24  25  31  +  14
第2008113期:  06  09  10  12  17  22  +  09
第2008112期:  05  13  14  19  22  23  +  06
第2008111期:  17  18  21  25  31  32  +  06
第2008110期:  10  16  22  23  29  31  +  02
第2008109期:  04  07  09  16  21  28  +  10
第2008108期:  09  10  15  17  23  30  +  12
第2008107期:  06  13  18  22  27  32  +  04
第2008106期:  14  19  25  27  29  30  +  15
第2008105期:  05  17  19  27  28  32  +  02
第2008104期:  03  06  08  17  24  31  +  01
第2008103期:  01  12  16  18  22  33  +  04
第2008102期:  03  07  12  21  25  32  +  05
第2008101期:  09  17  21  26  28  30  +  04
第2008100期:  08  14  17  21  27  28  +  14
第2008099期:  10  15  16  22  23  24  +  07
第2008098期:  06  07  10  11  15  30  +  01
第2008097期:  03  06  08  09  16  17  +  13
第2008096期:  06  08  12  24  27  31  +  14
第2008095期:  03  08  14  21  28  29  +  03
第2008094期:  01  04  15  16  23  28  +  14
第2008093期:  04  10  12  16  26  28  +  07
第2008092期:  01  03  18  27  28  30  +  05
第2008091期:  03  12  14  23  31  32  +  10
第2008090期:  02  07  14  18  19  24  +  01
第2008089期:  03  06  11  16  22  27  +  11
第2008088期:  01  06  08  16  17  23  +  05
第2008087期:  01  07  26  29  30  31  +  06
第2008086期:  04  05  10  26  27  30  +  12
第2008085期:  01  04  12  20  24  29  +  15
第2008084期:  04  07  13  20  29  30  +  16
第2008083期:  07  08  09  18  29  32  +  09
第2008082期:  04  08  10  12  21  26  +  09
第2008081期:  02  12  13  18  25  31  +  04
第2008080期:  04  14  22  25  29  32  +  14
第2008079期:  03  04  05  10  20  32  +  09
第2008078期:  06  13  16  26  30  33  +  01
第2008077期:  04  12  22  26  30  33  +  09
第2008076期:  02  05  07  11  13  18  +  11
第2008075期:  01  08  14  18  22  30  +  03
第2008074期:  01  11  15  19  20  24  +  09
第2008073期:  01  09  13  22  28  33  +  08
第2008072期:  01  05  10  18  22  30  +  09
第2008071期:  01  06  21  26  27  28  +  09
第2008070期:  05  06  12  15  18  33  +  13
第2008069期:  05  08  17  20  26  30  +  10
第2008068期:  05  07  17  23  27  29  +  07
第2008067期:  10  11  15  19  26  33  +  13
第2008066期:  07  12  21  22  29  30  +  08
第2008065期:  05  13  15  19  30  31  +  05
第2008064期:  01  02  07  09  12  18  +  12
第2008063期:  05  09  11  14  16  17  +  15
第2008062期:  06  08  13  17  24  27  +  15
第2008061期:  01  02  05  12  26  31  +  06
第2008060期:  06  07  08  17  30  32  +  03
第2008059期:  02  06  15  29  31  32  +  16
第2008058期:  01  12  21  27  29  31  +  11
第2008057期:  19  20  21  26  28  30  +  08
第2008056期:  08  13  22  23  25  30  +  07
第2008055期:  11  16  19  23  26  31  +  04
第2008054期:  02  06  16  17  20  25  +  07
第2008053期:  06  12  19  20  21  27  +  04
第2008052期:  02  10  17  23  29  31  +  10
第2008051期:  01  04  08  10  13  33  +  11
第2008050期:  01  11  19  24  26  27  +  03
第2008049期:  03  10  12  13  19  25  +  04
第2008048期:  11  18  21  27  30  32  +  01
第2008047期:  09  12  13  14  20  22  +  10
第2008046期:  15  16  18  24  28  33  +  15
第2008045期:  01  10  13  21  29  32  +  04
第2008044期:  05  07  09  20  26  29  +  09
第2008043期:  03  10  16  22  27  33  +  14
第2008042期:  03  04  09  11  12  24  +  01
第2008041期:  08  11  20  22  23  27  +  04
第2008040期:  06  13  22  25  27  28  +  09
第2008039期:  01  07  10  13  22  29  +  01
第2008038期:  03  09  10  11  15  19  +  13
第2008037期:  01  12  22  24  28  31  +  06
第2008036期:  02  06  13  18  23  28  +  16
第2008035期:  07  11  14  17  18  29  +  16
第2008034期:  03  05  09  11  21  29  +  09
第2008033期:  12  17  18  30  31  33  +  04
第2008032期:  05  14  16  21  23  28  +  13
第2008031期:  03  06  11  15  21  31  +  13
第2008030期:  06  15  18  19  20  28  +  11
第2008029期:  01  09  14  22  29  32  +  12
第2008028期:  01  13  21  26  29  32  +  10
第2008027期:  15  18  19  23  24  26  +  13
第2008026期:  05  17  19  27  29  32  +  03
第2008025期:  08  16  17  18  19  21  +  14
第2008024期:  11  20  21  26  28  30  +  13
第2008023期:  08  16  18  25  26  32  +  02
第2008022期:  12  18  20  24  28  32  +  05
第2008021期:  09  12  19  20  26  28  +  15
第2008020期:  03  10  13  15  28  30  +  03
第2008019期:  02  09  11  17  27  31  +  05
第2008018期:  02  05  06  23  26  33  +  13
第2008017期:  02  05  07  17  20  22  +  02
第2008016期:  03  12  14  21  29  33  +  13
第2008015期:  06  08  11  16  29  33  +  03
第2008014期:  03  09  11  17  21  31  +  14
第2008013期:  02  08  15  16  22  28  +  10
第2008012期:  03  04  05  16  20  30  +  13
第2008011期:  02  14  17  21  30  32  +  03
第2008010期:  03  08  11  17  21  27  +  09
第2008009期:  09  21  29  30  31  32  +  16
第2008008期:  02  15  16  23  26  27  +  07
第2008007期:  01  13  17  22  23  30  +  11
第2008006期:  01  14  16  18  22  27  +  14
第2008005期:  03  05  15  22  24  25  +  15
第2008004期:  04  08  22  23  27  29  +  08
第2008003期:  06  08  11  13  17  19  +  12
第2008002期:  03  04  18  22  25  29  +  09
第2008001期:  02  04  07  09  14  29  +  03
第2007153期:  01  04  19  20  25  31  +  15
第2007152期:  11  17  21  29  30  33  +  08
第2007151期:  01  06  10  11  23  25  +  02
第2007150期:  03  05  11  13  19  24  +  05
第2007149期:  01  17  19  22  28  30  +  03
第2007148期:  03  09  16  17  23  28  +  07
第2007147期:  03  07  18  24  26  27  +  04
第2007146期:  04  18  22  24  26  30  +  09
第2007145期:  08  09  11  12  25  31  +  11
第2007144期:  08  14  23  25  28  32  +  16
第2007143期:  01  06  22  23  24  26  +  04
第2007142期:  11  20  25  26  27  30  +  08
第2007141期:  02  03  04  06  17  31  +  08
第2007140期:  01  05  16  21  22  26  +  11
第2007139期:  06  10  12  14  16  22  +  06
第2007138期:  02  03  15  17  19  25  +  16
第2007137期:  03  07  08  18  20  22  +  03
第2007136期:  01  02  18  21  25  29  +  14
第2007135期:  01  11  16  26  31  33  +  16
第2007134期:  01  04  10  13  18  25  +  15
第2007133期:  03  06  07  11  13  33  +  10
第2007132期:  01  09  16  21  22  23  +  05
第2007131期:  03  05  07  16  22  27  +  05
第2007130期:  03  05  09  11  27  31  +  04
第2007129期:  05  07  20  21  22  30  +  08
第2007128期:  09  10  19  21  27  31  +  05
第2007127期:  06  09  13  16  24  28  +  11
第2007126期:  09  10  19  23  26  31  +  09
第2007125期:  03  05  18  20  27  33  +  01
第2007124期:  03  07  13  16  19  32  +  16
第2007123期:  01  13  15  23  28  32  +  02
第2007122期:  04  07  19  24  26  32  +  09
第2007121期:  03  10  21  22  27  28  +  06
第2007120期:  06  07  11  12  18  25  +  01
第2007119期:  03  08  11  13  25  31  +  12
第2007118期:  04  10  16  18  25  32  +  15
第2007117期:  03  07  09  10  26  32  +  01
第2007116期:  03  05  07  11  17  27  +  13
第2007115期:  01  05  10  16  20  26  +  02
第2007114期:  05  12  15  24  27  33  +  05
第2007113期:  04  18  23  25  26  31  +  10
第2007112期:  07  11  14  16  25  32  +  11
第2007111期:  02  09  10  12  13  17  +  11
第2007110期:  02  04  07  15  24  28  +  03
第2007109期:  01  04  07  08  13  14  +  04
第2007108期:  03  07  12  13  20  33  +  02
第2007107期:  02  08  09  18  24  28  +  10
第2007106期:  12  18  21  24  25  29  +  08
第2007105期:  02  07  10  17  23  29  +  14
第2007104期:  02  08  12  14  20  32  +  04
第2007103期:  07  09  25  27  30  32  +  01
第2007102期:  04  06  08  18  20  33  +  11
第2007101期:  15  16  18  21  22  30  +  14
第2007100期:  08  18  27  29  30  32  +  06
第2007099期:  03  04  14  27  31  33  +  05
第2007098期:  02  03  05  11  19  20  +  12
第2007097期:  04  08  13  18  26  30  +  11
第2007096期:  09  10  20  22  30  32  +  08
第2007095期:  01  06  08  18  29  32  +  07
第2007094期:  03  05  18  19  24  32  +  02
第2007093期:  05  10  13  15  19  29  +  02
第2007092期:  14  18  22  23  24  33  +  09
第2007091期:  02  11  17  30  31  32  +  07
第2007090期:  05  11  13  27  30  31  +  02
第2007089期:  03  07  08  15  19  28  +  03
第2007088期:  02  04  10  28  29  33  +  06
第2007087期:  01  03  04  05  08  21  +  09
第2007086期:  05  08  14  22  27  29  +  16
第2007085期:  02  12  17  19  29  30  +  12
第2007084期:  06  10  12  14  20  27  +  10
第2007083期:  11  14  18  20  21  26  +  05
第2007082期:  05  15  17  18  25  32  +  15
第2007081期:  09  14  15  19  24  33  +  13
第2007080期:  01  08  16  18  19  29  +  04
第2007079期:  03  04  14  20  21  25  +  14
第2007078期:  04  06  07  23  25  32  +  01
第2007077期:  06  08  14  21  28  29  +  02
第2007076期:  06  12  15  16  20  31  +  02
第2007075期:  13  16  17  22  30  32  +  03
第2007074期:  08  13  15  25  27  28  +  03
第2007073期:  05  09  11  19  28  31  +  02
第2007072期:  02  04  08  13  14  33  +  16
第2007071期:  01  06  14  21  30  31  +  09
第2007070期:  06  08  15  17  18  30  +  12
第2007069期:  03  04  11  12  14  32  +  12
第2007068期:  11  18  19  22  23  28  +  01
第2007067期:  06  11  13  17  21  23  +  11
第2007066期:  05  11  16  24  32  33  +  08
第2007065期:  04  07  19  21  25  31  +  07
第2007064期:  02  06  09  16  21  23  +  16
第2007063期:  10  15  17  24  26  28  +  12
第2007062期:  08  17  20  29  30  33  +  09
第2007061期:  01  06  07  11  20  23  +  05
第2007060期:  01  02  08  16  19  29  +  05
第2007059期:  01  03  04  06  07  29  +  14
第2007058期:  07  08  10  13  25  27  +  07
第2007057期:  05  11  18  19  20  21  +  09
第2007056期:  14  17  21  29  31  32  +  12
第2007055期:  02  06  11  22  28  29  +  02
第2007054期:  01  03  16  18  23  28  +  05
第2007053期:  10  13  16  17  18  27  +  11
第2007052期:  02  03  07  08  26  29  +  07
第2007051期:  03  14  16  26  27  33  +  13
第2007050期:  01  05  08  13  18  25  +  02
第2007049期:  04  14  18  19  31  33  +  02
第2007048期:  02  11  12  15  17  28  +  12
第2007047期:  02  04  16  18  23  30  +  06
第2007046期:  02  06  07  09  19  26  +  14
第2007045期:  01  12  18  21  28  30  +  10
第2007044期:  09  13  20  21  24  32  +  08
第2007043期:  03  08  10  11  14  30  +  05
第2007042期:  03  13  16  19  32  33  +  08
第2007041期:  01  03  09  11  26  31  +  12
第2007040期:  13  14  15  19  24  30  +  10
第2007039期:  06  07  19  24  27  29  +  01
第2007038期:  03  11  14  19  21  30  +  05
第2007037期:  10  11  16  23  31  33  +  16
第2007036期:  03  14  21  23  30  31  +  10
第2007035期:  01  04  08  12  29  31  +  06
第2007034期:  02  09  12  14  23  25  +  16
第2007033期:  03  04  11  17  18  28  +  09
第2007032期:  04  08  16  24  30  32  +  16
第2007031期:  04  06  10  12  19  31  +  01
第2007030期:  03  16  21  22  27  30  +  04
第2007029期:  06  08  09  11  19  21  +  10
第2007028期:  03  08  13  20  29  30  +  11
第2007027期:  02  03  09  22  24  27  +  11
第2007026期:  01  04  14  16  26  29  +  10
第2007025期:  03  16  18  22  23  26  +  03
第2007024期:  08  09  17  25  27  32  +  06
第2007023期:  03  07  13  17  32  33  +  02
第2007022期:  02  04  07  10  18  27  +  10
第2007021期:  03  06  09  11  25  31  +  13
第2007020期:  05  10  16  20  28  31  +  14
第2007019期:  04  11  16  23  29  31  +  14
第2007018期:  01  12  18  20  21  26  +  11
第2007017期:  05  09  10  24  25  32  +  14
第2007016期:  01  18  20  22  26  33  +  05
第2007015期:  03  04  08  18  22  30  +  15
第2007014期:  01  13  16  20  24  26  +  09
第2007013期:  05  15  18  27  29  32  +  05
第2007012期:  03  05  07  21  26  28  +  04
第2007011期:  03  10  15  25  28  33  +  16
第2007010期:  03  08  14  17  30  32  +  05
第2007009期:  02  04  14  15  25  27  +  15
第2007008期:  01  04  05  18  19  25  +  10
第2007007期:  04  12  15  17  22  32  +  14
第2007006期:  06  10  14  22  26  27  +  11
第2007005期:  01  05  06  16  24  30  +  12
第2007004期:  03  07  10  13  25  33  +  10
第2007003期:  05  09  11  12  22  27  +  15
第2007002期:  05  06  14  20  21  22  +  01
第2007001期:  02  04  09  10  20  26  +  14
第2006154期:  07  14  18  20  30  33  +  13
第2006153期:  01  07  11  20  30  33  +  10
第2006152期:  01  14  20  25  27  31  +  15
第2006151期:  01  03  04  06  16  22  +  08
第2006150期:  08  09  12  18  25  27  +  12
第2006149期:  02  03  05  11  15  32  +  15
第2006148期:  04  08  12  13  23  29  +  01
第2006147期:  01  04  15  17  27  31  +  01
第2006146期:  03  09  13  23  28  30  +  05
第2006145期:  02  07  23  26  28  31  +  07
第2006144期:  04  10  13  16  22  29  +  06
第2006143期:  01  15  20  29  31  32  +  08
第2006142期:  10  16  19  22  26  27  +  16
第2006141期:  16  18  22  23  25  31  +  11
第2006140期:  01  08  11  18  19  23  +  05
第2006139期:  07  08  14  21  23  25  +  05
第2006138期:  04  09  11  17  18  26  +  08
第2006137期:  10  14  17  21  27  31  +  09
第2006136期:  11  15  17  21  22  24  +  05
第2006135期:  04  19  21  22  23  31  +  04
第2006134期:  10  13  18  26  28  30  +  12
第2006133期:  04  06  20  25  29  31  +  03
第2006132期:  06  14  22  26  30  33  +  01
第2006131期:  03  04  09  22  26  33  +  01
第2006130期:  01  12  21  22  30  32  +  02
第2006129期:  09  14  18  22  27  29  +  12
第2006128期:  04  15  21  30  31  33  +  05
第2006127期:  03  04  11  17  19  30  +  01
第2006126期:  02  08  13  16  24  33  +  09
第2006125期:  15  19  23  30  32  33  +  06
第2006124期:  12  13  14  18  31  32  +  13
第2006123期:  02  03  20  25  28  32  +  06
第2006122期:  04  05  06  08  22  24  +  03
第2006121期:  03  04  06  27  31  33  +  06
第2006120期:  06  08  14  15  24  33  +  09
第2006119期:  01  02  14  20  27  30  +  02
第2006118期:  01  03  07  08  10  30  +  05
第2006117期:  06  14  20  22  23  26  +  09
第2006116期:  05  16  21  22  32  33  +  09
第2006115期:  01  10  20  26  28  29  +  15
第2006114期:  08  10  14  20  27  29  +  16
第2006113期:  05  14  17  18  28  33  +  02
第2006112期:  04  09  13  15  31  33  +  11
第2006111期:  01  08  11  16  17  22  +  15
第2006110期:  09  12  14  18  27  33  +  13
第2006109期:  01  05  17  18  23  26  +  13
第2006108期:  02  06  08  20  24  30  +  09
第2006107期:  01  06  08  13  17  30  +  07
第2006106期:  02  12  14  19  28  33  +  10
第2006105期:  05  12  14  15  20  31  +  01
第2006104期:  03  07  22  27  28  31  +  11
第2006103期:  12  14  15  25  28  31  +  06
第2006102期:  01  04  13  19  20  24  +  11
第2006101期:  09  12  20  26  27  28  +  16
第2006100期:  01  11  18  26  30  32  +  03
第2006099期:  09  12  18  23  24  27  +  05
第2006098期:  06  07  10  11  18  23  +  16
第2006097期:  11  14  15  20  26  27  +  12
第2006096期:  01  05  09  13  18  33  +  14
第2006095期:  01  03  17  20  21  29  +  16
第2006094期:  15  16  17  18  24  33  +  13
第2006093期:  02  12  16  18  19  23  +  05
第2006092期:  02  08  11  16  20  21  +  14
第2006091期:  07  08  12  21  22  24  +  07
第2006090期:  02  11  15  20  23  29  +  11
第2006089期:  01  13  16  18  19  22  +  01
第2006088期:  03  11  20  24  25  26  +  01
第2006087期:  04  05  08  09  12  30  +  05
第2006086期:  04  06  10  24  26  31  +  06
第2006085期:  02  06  18  21  24  25  +  08
第2006084期:  01  12  17  21  25  28  +  12
第2006083期:  07  09  18  19  26  29  +  10
第2006082期:  03  13  15  23  28  29  +  09
第2006081期:  14  16  18  21  22  32  +  04
第2006080期:  15  17  20  22  26  29  +  09
第2006079期:  06  11  13  17  20  32  +  08
第2006078期:  03  05  17  22  31  33  +  12
第2006077期:  08  09  12  13  19  33  +  09
第2006076期:  04  10  17  21  29  32  +  14
第2006075期:  10  21  22  23  25  33  +  11
第2006074期:  01  03  15  19  25  33  +  04
第2006073期:  05  13  16  18  27  29  +  12
第2006072期:  02  03  05  20  21  24  +  08
第2006071期:  05  11  12  19  29  31  +  01
第2006070期:  02  03  11  13  20  27  +  02
第2006069期:  05  16  20  22  29  30  +  08
第2006068期:  03  07  10  14  30  33  +  10
第2006067期:  07  08  11  16  17  24  +  13
第2006066期:  06  08  11  18  30  33  +  05
第2006065期:  04  08  17  28  29  30  +  13
第2006064期:  03  12  14  21  24  28  +  11
第2006063期:  04  05  15  21  23  24  +  08
第2006062期:  18  22  23  24  26  30  +  01
第2006061期:  05  13  17  19  25  30  +  11
第2006060期:  05  15  19  23  30  32  +  14
第2006059期:  05  10  15  17  27  29  +  11
第2006058期:  01  12  22  23  24  25  +  14
第2006057期:  03  04  17  18  21  31  +  08
第2006056期:  11  13  15  21  23  25  +  08
第2006055期:  04  05  28  29  31  33  +  11
第2006054期:  03  05  07  10  28  30  +  04
第2006053期:  01  11  17  27  28  31  +  02
第2006052期:  11  24  26  27  30  32  +  03
第2006051期:  02  06  07  17  27  30  +  16
第2006050期:  02  06  12  15  25  31  +  07
第2006049期:  06  10  12  13  17  20  +  03
第2006048期:  09  13  19  25  29  32  +  12
第2006047期:  02  17  20  22  28  32  +  03
第2006046期:  13  18  23  29  31  32  +  08
第2006045期:  06  07  10  14  20  21  +  04
第2006044期:  02  10  18  21  30  31  +  05
第2006043期:  05  12  13  16  23  32  +  03
第2006042期:  03  16  23  26  28  31  +  11
第2006041期:  03  10  16  18  21  28  +  04
第2006040期:  15  22  25  26  28  33  +  03
第2006039期:  16  19  22  28  31  32  +  03
第2006038期:  02  14  17  19  22  30  +  10
第2006037期:  02  12  23  24  25  32  +  14
第2006036期:  04  07  10  16  17  21  +  09
第2006035期:  03  09  13  21  27  29  +  13
第2006034期:  02  10  15  16  17  33  +  13
第2006033期:  15  20  22  23  27  31  +  06
第2006032期:  05  18  20  24  26  31  +  09
第2006031期:  03  10  12  16  31  32  +  14
第2006030期:  08  13  15  17  20  32  +  14
第2006029期:  03  04  07  09  14  19  +  08
第2006028期:  05  07  14  16  17  27  +  04
第2006027期:  06  08  11  14  16  27  +  15
第2006026期:  01  02  18  22  29  32  +  03
第2006025期:  03  04  17  19  24  32  +  05
第2006024期:  02  07  09  11  21  27  +  06
第2006023期:  04  13  14  19  23  28  +  08
第2006022期:  02  03  04  13  16  27  +  13
第2006021期:  01  02  05  20  21  22  +  09
第2006020期:  05  09  21  23  26  29  +  06
第2006019期:  04  06  13  22  26  32  +  07
第2006018期:  01  13  14  17  24  26  +  05
第2006017期:  03  04  08  31  32  33  +  02
第2006016期:  01  07  13  17  23  30  +  16
第2006015期:  02  03  09  15  29  32  +  03
第2006014期:  06  14  26  29  32  33  +  07
第2006013期:  01  05  06  12  16  21  +  11
第2006012期:  09  11  13  27  31  33  +  10
第2006011期:  05  07  08  14  27  31  +  11
第2006010期:  04  06  12  19  27  29  +  08
第2006009期:  05  06  08  20  26  30  +  06
第2006008期:  03  05  09  18  28  32  +  16
第2006007期:  04  16  18  27  32  33  +  07
第2006006期:  08  21  22  23  26  32  +  14
第2006005期:  03  19  20  24  26  27  +  11
第2006004期:  04  08  17  27  28  31  +  07
第2006003期:  02  04  05  06  16  20  +  12
第2006002期:  07  13  16  21  26  28  +  09
第2006001期:  01  12  15  19  21  28  +  03
第2005153期:  04  05  07  21  26  29  +  01
第2005152期:  01  05  12  14  21  27  +  03
第2005151期:  04  11  12  13  19  30  +  05
第2005150期:  03  07  10  14  18  20  +  02
第2005149期:  11  16  21  23  25  32  +  07
第2005148期:  03  15  17  23  24  29  +  13
第2005147期:  06  07  15  27  28  30  +  10
第2005146期:  07  11  19  20  24  28  +  02
第2005145期:  03  07  08  17  20  28  +  15
第2005144期:  01  08  14  15  19  27  +  09
第2005143期:  03  10  15  17  20  32  +  08
第2005142期:  07  10  12  17  22  29  +  05
第2005141期:  03  05  08  12  16  19  +  15
第2005140期:  04  06  07  08  12  17  +  07
第2005139期:  02  07  20  23  32  33  +  10
第2005138期:  03  05  06  11  20  22  +  13
第2005137期:  03  09  15  23  25  33  +  12
第2005136期:  05  14  16  18  25  27  +  13
第2005135期:  01  05  13  15  21  25  +  11
第2005134期:  04  13  14  18  26  30  +  01
第2005133期:  01  07  14  16  18  25  +  11
第2005132期:  02  04  10  18  27  29  +  15
第2005131期:  02  07  10  11  12  24  +  03
第2005130期:  03  05  09  15  20  25  +  16
第2005129期:  05  10  14  20  27  33  +  03
第2005128期:  02  04  14  23  29  33  +  15
第2005127期:  04  06  11  14  23  25  +  12
第2005126期:  02  08  13  19  25  26  +  09
第2005125期:  06  14  18  28  31  32  +  03
第2005124期:  05  06  10  19  31  33  +  11
第2005123期:  11  12  13  17  18  25  +  07
第2005122期:  01  04  07  14  30  32  +  09
第2005121期:  01  07  20  25  31  32  +  12
第2005120期:  01  06  13  18  30  32  +  14
第2005119期:  01  07  11  18  20  22  +  02
第2005118期:  04  09  12  15  26  31  +  16
第2005117期:  06  17  22  27  28  32  +  03
第2005116期:  04  06  08  14  15  30  +  10
第2005115期:  03  12  18  23  30  33  +  02
第2005114期:  06  07  10  15  21  27  +  06
第2005113期:  15  18  20  22  26  27  +  03
第2005112期:  04  12  22  28  29  30  +  16
第2005111期:  03  07  15  16  19  29  +  09
第2005110期:  07  10  16  19  24  25  +  09
第2005109期:  03  05  13  15  17  31  +  04
第2005108期:  03  10  12  24  29  30  +  06
第2005107期:  09  10  20  24  25  26  +  11
第2005106期:  01  11  13  24  26  31  +  13
第2005105期:  04  15  23  30  32  33  +  03
第2005104期:  02  04  21  23  30  33  +  09
第2005103期:  04  07  16  18  23  30  +  07
第2005102期:  02  05  06  14  24  31  +  12
第2005101期:  09  16  19  21  22  24  +  12
第2005100期:  02  04  09  14  16  31  +  03
第2005099期:  10  13  16  22  24  31  +  09
第2005098期:  12  15  19  22  31  33  +  01
第2005097期:  05  10  23  27  28  30  +  15
第2005096期:  04  05  17  18  26  33  +  04
第2005095期:  09  12  18  21  28  29  +  05
第2005094期:  03  05  09  23  27  33  +  03
第2005093期:  04  06  17  23  25  29  +  14
第2005092期:  08  13  19  26  28  31  +  10
第2005091期:  01  11  12  15  26  27  +  13
第2005090期:  01  09  21  25  29  32  +  03
第2005089期:  05  19  20  23  26  31  +  12
第2005088期:  01  03  07  18  20  24  +  07
第2005087期:  08  09  15  16  23  26  +  08
第2005086期:  07  11  12  24  27  29  +  12
第2005085期:  08  09  13  14  20  22  +  12
第2005084期:  01  02  07  15  19  20  +  03
第2005083期:  03  05  09  14  16  30  +  13
第2005082期:  01  07  11  14  19  20  +  12
第2005081期:  02  04  10  12  26  30  +  03
第2005080期:  01  12  14  26  27  32  +  16
第2005079期:  03  09  20  24  25  28  +  05
第2005078期:  03  11  15  20  26  32  +  11
第2005077期:  08  17  22  24  32  33  +  16
第2005076期:  04  09  11  22  25  28  +  13
第2005075期:  11  13  14  16  18  31  +  14
第2005074期:  06  09  18  20  26  29  +  09
第2005073期:  01  06  08  09  18  20  +  01
第2005072期:  06  10  19  20  24  33  +  11
第2005071期:  04  08  12  14  16  22  +  10
第2005070期:  03  04  08  14  16  26  +  04
第2005069期:  07  09  21  24  31  33  +  12
第2005068期:  01  08  10  13  25  33  +  13
第2005067期:  03  12  16  20  21  26  +  16
第2005066期:  02  04  10  11  25  28  +  05
第2005065期:  12  16  17  21  22  23  +  16
第2005064期:  10  18  23  27  30  32  +  08
第2005063期:  02  11  13  18  22  30  +  04
第2005062期:  02  07  11  12  20  23  +  07
第2005061期:  05  09  14  21  23  24  +  01
第2005060期:  09  12  21  25  31  33  +  13
第2005059期:  07  11  14  18  24  29  +  07
第2005058期:  04  06  10  21  25  26  +  10
第2005057期:  05  06  10  15  30  31  +  13
第2005056期:  12  17  19  27  29  31  +  09
第2005055期:  05  20  22  30  32  33  +  09
第2005054期:  05  13  17  18  21  29  +  14
第2005053期:  04  07  10  14  27  29  +  09
第2005052期:  01  02  14  17  30  32  +  01
第2005051期:  03  06  14  19  20  21  +  02
第2005050期:  02  09  12  20  26  32  +  13
第2005049期:  02  03  08  10  25  27  +  12
第2005048期:  06  07  08  10  16  28  +  02
第2005047期:  02  03  05  07  08  27  +  15
第2005046期:  09  16  18  20  22  24  +  05
第2005045期:  01  07  10  15  18  20  +  10
第2005044期:  01  06  16  17  18  22  +  09
第2005043期:  04  05  06  07  08  32  +  05
第2005042期:  11  16  21  26  27  30  +  15
第2005041期:  02  11  16  23  24  29  +  03
第2005040期:  01  12  21  24  30  32  +  13
第2005039期:  02  16  18  19  21  29  +  09
第2005038期:  04  07  11  20  27  28  +  16
第2005037期:  07  12  14  22  24  32  +  16
第2005036期:  12  19  20  21  26  31  +  15
第2005035期:  12  16  21  28  29  30  +  14
第2005034期:  05  17  18  25  28  32  +  09
第2005033期:  07  08  12  14  19  20  +  07
第2005032期:  05  15  19  20  25  29  +  03
第2005031期:  04  10  16  20  23  32  +  07
第2005030期:  01  05  09  14  22  28  +  05
第2005029期:  02  14  21  22  27  30  +  14
第2005028期:  04  09  22  25  26  32  +  10
第2005027期:  01  03  04  06  21  32  +  15
第2005026期:  06  12  14  20  25  26  +  07
第2005025期:  01  07  10  11  13  32  +  07
第2005024期:  05  09  14  27  31  32  +  13
第2005023期:  10  15  19  20  21  25  +  12
第2005022期:  08  10  12  21  32  33  +  04
第2005021期:  02  06  24  26  30  31  +  16
第2005020期:  14  16  19  20  25  29  +  05
第2005019期:  06  11  12  13  19  22  +  08
第2005018期:  01  03  06  22  23  25  +  06
第2005017期:  02  06  10  25  27  31  +  03
第2005016期:  01  05  06  12  16  30  +  15
第2005015期:  04  08  09  16  17  29  +  15
第2005014期:  13  19  21  23  30  32  +  05
第2005013期:  07  08  16  19  20  24  +  06
第2005012期:  02  03  06  16  22  31  +  05
第2005011期:  09  11  13  15  22  30  +  15
第2005010期:  08  10  11  18  25  26  +  01
第2005009期:  02  17  22  27  29  31  +  14
第2005008期:  11  19  22  27  32  33  +  11
第2005007期:  07  15  17  20  23  33  +  15
第2005006期:  02  04  05  15  21  31  +  16
第2005005期:  05  09  20  26  28  33  +  15
第2005004期:  01  04  08  09  22  23  +  03
第2005003期:  09  12  15  19  22  31  +  16
第2005002期:  06  09  20  26  28  33  +  14
第2005001期:  01  07  08  23  27  28  +  14
第2004122期:  03  11  14  22  24  31  +  15
第2004121期:  07  13  16  18  30  32  +  10
第2004120期:  07  08  18  21  27  32  +  10
第2004119期:  06  09  18  20  25  33  +  06
第2004118期:  03  04  07  12  30  31  +  15
第2004117期:  01  03  07  14  24  25  +  07
第2004116期:  01  03  05  08  14  33  +  03
第2004115期:  02  16  20  30  31  33  +  01
第2004114期:  01  06  09  17  21  22  +  01
第2004113期:  08  10  23  25  31  32  +  07
第2004112期:  09  13  15  21  26  33  +  06
第2004111期:  11  16  18  20  26  31  +  02
第2004110期:  14  19  20  21  22  31  +  11
第2004109期:  06  08  10  17  30  31  +  14
第2004108期:  08  13  14  27  28  31  +  12
第2004107期:  01  08  12  13  18  20  +  07
第2004106期:  10  15  23  26  28  29  +  12
第2004105期:  07  09  10  21  23  30  +  12
第2004104期:  07  11  17  18  24  29  +  05
第2004103期:  02  03  05  09  16  21  +  02
第2004102期:  03  09  12  15  28  32  +  01
第2004101期:  02  09  14  19  25  26  +  15
第2004100期:  06  08  09  14  24  33  +  15
第2004099期:  05  10  21  22  26  33  +  02
第2004098期:  03  12  13  25  26  31  +  03
第2004097期:  10  19  20  26  29  31  +  14
第2004096期:  01  04  12  16  20  30  +  15
第2004095期:  19  22  27  28  30  32  +  01
第2004094期:  05  09  10  13  24  25  +  08
第2004093期:  11  14  20  27  32  33  +  05
第2004092期:  01  04  08  13  28  31  +  02
第2004091期:  09  13  14  21  30  33  +  01
第2004090期:  01  18  20  24  32  33  +  12
第2004089期:  14  17  20  25  28  30  +  14
第2004088期:  02  10  19  22  24  32  +  14
第2004087期:  01  03  07  08  25  26  +  14
第2004086期:  10  13  18  19  25  27  +  01
第2004085期:  03  08  11  29  30  32  +  01
第2004084期:  01  04  08  11  21  25  +  14
第2004083期:  14  16  27  28  30  33  +  06
第2004082期:  03  20  24  27  29  30  +  15
第2004081期:  03  05  21  24  27  32  +  06
第2004080期:  03  08  20  23  24  26  +  16
第2004079期:  07  13  14  17  19  30  +  03
第2004078期:  04  05  10  21  24  26  +  05
第2004077期:  08  09  10  14  16  26  +  07
第2004076期:  03  05  13  17  25  31  +  07
第2004075期:  07  18  21  26  27  28  +  07
第2004074期:  05  06  15  19  26  29  +  13
第2004073期:  02  07  13  16  23  28  +  16
第2004072期:  08  15  18  28  30  33  +  14
第2004071期:  03  08  16  17  21  29  +  06
第2004070期:  10  12  21  22  30  33  +  06
第2004069期:  02  11  15  20  22  29  +  05
第2004068期:  02  08  11  13  24  31  +  15
第2004067期:  01  06  07  13  16  32  +  04
第2004066期:  05  13  20  23  24  25  +  03
第2004065期:  13  14  27  29  32  33  +  08
第2004064期:  14  15  18  20  27  31  +  04
第2004063期:  07  10  13  16  27  28  +  07
第2004062期:  01  12  25  27  28  29  +  13
第2004061期:  13  16  19  20  23  33  +  09
第2004060期:  03  05  11  24  27  28  +  15
第2004059期:  04  07  11  19  23  26  +  10
第2004058期:  01  08  11  12  27  31  +  12
第2004057期:  05  21  23  25  28  32  +  04
第2004056期:  01  20  21  25  29  30  +  02
第2004055期:  06  08  19  25  29  32  +  07
第2004054期:  09  11  14  16  27  28  +  11
第2004053期:  02  03  04  09  24  25  +  02
第2004052期:  01  12  14  15  17  29  +  09
第2004051期:  02  03  09  10  15  29  +  11
第2004050期:  06  07  19  21  25  29  +  02
第2004049期:  11  12  14  16  25  29  +  09
第2004048期:  08  09  11  16  17  29  +  09
第2004047期:  01  07  08  11  27  31  +  06
第2004046期:  07  15  16  22  23  32  +  14
第2004045期:  01  12  18  26  27  28  +  13
第2004044期:  02  06  07  12  31  32  +  05
第2004043期:  04  09  10  21  22  24  +  10
第2004042期:  06  10  13  17  18  21  +  02
第2004041期:  08  10  17  22  25  29  +  14
第2004040期:  07  17  19  20  21  29  +  11
第2004039期:  10  16  18  25  26  29  +  03
第2004038期:  11  16  17  25  28  29  +  07
第2004037期:  03  04  11  17  20  26  +  05
第2004036期:  02  13  17  18  26  30  +  01
第2004035期:  02  08  26  27  30  32  +  16
第2004034期:  02  07  13  20  27  30  +  14
第2004033期:  01  04  08  09  19  20  +  01
第2004032期:  02  05  08  11  15  31  +  13
第2004031期:  03  06  19  20  21  24  +  11
第2004030期:  01  07  09  17  26  31  +  05
第2004029期:  09  13  20  22  24  32  +  05
第2004028期:  01  02  03  05  10  22  +  12
第2004027期:  01  05  09  10  18  32  +  11
第2004026期:  04  10  14  18  28  32  +  15
第2004025期:  07  08  10  24  29  33  +  04
第2004024期:  01  13  21  23  25  32  +  06
第2004023期:  01  08  14  17  19  30  +  03
第2004022期:  03  10  14  19  20  30  +  06
第2004021期:  05  09  11  17  26  27  +  10
第2004020期:  01  02  09  22  28  31  +  04
第2004019期:  05  10  11  23  24  32  +  04
第2004018期:  02  05  06  08  28  30  +  06
第2004017期:  05  12  14  15  25  31  +  09
第2004016期:  04  07  08  28  30  32  +  05
第2004015期:  01  03  05  18  22  23  +  13
第2004014期:  03  07  11  17  20  26  +  12
第2004013期:  12  14  21  29  30  32  +  13
第2004012期:  01  07  27  30  31  33  +  08
第2004011期:  01  04  13  23  28  30  +  03
第2004010期:  06  07  08  13  14  19  +  15
第2004009期:  01  09  10  16  22  24  +  11
第2004008期:  01  07  10  22  32  33  +  13
第2004007期:  04  12  17  20  25  28  +  09
第2004006期:  04  12  18  20  23  32  +  06
第2004005期:  09  11  13  16  17  18  +  07
第2004004期:  10  19  22  23  25  29  +  09
第2004003期:  03  05  06  17  26  33  +  08
第2004002期:  10  12  18  22  30  31  +  11
第2004001期:  01  02  03  07  10  25  +  07
第2003089期:  18  19  21  26  27  33  +  16
第2003088期:  03  10  21  22  24  33  +  12
第2003087期:  02  03  04  05  24  28  +  13
第2003086期:  05  12  16  18  26  30  +  13
第2003085期:  01  04  11  12  19  27  +  14
第2003084期:  02  06  07  10  17  33  +  03
第2003083期:  01  03  14  18  26  28  +  01
第2003082期:  07  17  18  19  30  31  +  14
第2003081期:  01  02  14  26  29  30  +  07
第2003080期:  09  20  24  25  28  30  +  10
第2003079期:  12  15  22  23  26  31  +  04
第2003078期:  07  12  23  26  29  30  +  11
第2003077期:  04  12  16  22  24  25  +  06
第2003076期:  01  13  16  18  20  29  +  02
第2003075期:  16  17  19  22  31  33  +  11
第2003074期:  02  12  19  22  27  32  +  01
第2003073期:  02  12  14  21  23  30  +  13
第2003072期:  03  06  08  11  19  27  +  11
第2003071期:  09  11  12  14  15  33  +  11
第2003070期:  01  02  04  17  18  19  +  08
第2003069期:  07  11  16  19  26  28  +  11
第2003068期:  09  19  25  27  32  33  +  11
第2003067期:  05  11  12  13  27  31  +  10
第2003066期:  03  07  08  20  24  32  +  14
第2003065期:  06  15  16  17  30  33  +  11
第2003064期:  04  06  08  12  15  30  +  01
第2003063期:  05  08  09  14  21  33  +  11
第2003062期:  01  06  12  19  20  32  +  14
第2003061期:  03  05  20  21  28  32  +  02
第2003060期:  02  04  06  17  21  28  +  11
第2003059期:  02  03  05  06  18  30  +  04
第2003058期:  09  11  16  28  32  33  +  02
第2003057期:  18  19  24  25  30  31  +  16
第2003056期:  08  17  21  26  28  29  +  07
第2003055期:  06  13  16  21  28  31  +  16
第2003054期:  02  05  09  21  31  33  +  12
第2003053期:  15  19  20  21  28  29  +  13
第2003052期:  01  12  13  23  30  31  +  11
第2003051期:  04  13  15  17  24  27  +  01
第2003050期:  02  08  17  23  24  26  +  13
第2003049期:  03  06  07  13  24  25  +  15
第2003048期:  10  12  20  28  30  31  +  09
第2003047期:  03  17  26  28  32  33  +  16
第2003046期:  07  08  10  11  17  26  +  11
第2003045期:  03  07  14  15  17  32  +  03
第2003044期:  02  05  09  16  32  33  +  15
第2003043期:  02  08  10  19  20  32  +  13
第2003042期:  03  05  07  10  15  20  +  07
第2003041期:  02  03  17  18  24  25  +  11
第2003040期:  04  05  06  12  14  23  +  16
第2003039期:  03  05  23  24  27  32  +  03
第2003038期:  05  07  08  24  25  27  +  16
第2003037期:  09  14  17  18  26  32  +  07
第2003036期:  07  21  24  25  27  28  +  15
第2003035期:  03  04  05  08  10  11  +  08
第2003034期:  08  13  14  16  23  25  +  14
第2003033期:  01  07  14  20  27  30  +  10
第2003032期:  04  11  25  27  29  30  +  13
第2003031期:  11  17  20  22  28  32  +  01
第2003030期:  02  06  13  14  23  27  +  07
第2003029期:  02  07  15  26  29  32  +  10
第2003028期:  06  13  16  20  28  32  +  07
第2003027期:  01  11  14  17  27  28  +  15
第2003026期:  08  13  15  26  29  31  +  16
第2003025期:  01  05  11  13  14  27  +  12
第2003024期:  02  07  15  17  22  30  +  14
第2003023期:  01  10  20  22  26  31  +  02
第2003022期:  02  07  11  12  14  32  +  08
第2003021期:  14  15  18  25  26  30  +  01
第2003020期:  07  10  25  26  27  32  +  04
第2003019期:  04  08  12  13  16  33  +  09
第2003018期:  05  16  19  20  25  28  +  13
第2003017期:  05  08  18  23  25  31  +  06
第2003016期:  11  17  28  30  31  33  +  06
第2003015期:  04  11  19  25  26  32  +  13
第2003014期:  03  05  07  08  21  31  +  02
第2003013期:  08  13  17  21  23  32  +  12
第2003012期:  02  12  16  17  27  30  +  12
第2003011期:  04  05  11  12  30  32  +  15
第2003010期:  01  02  08  13  17  24  +  13
第2003009期:  05  09  18  20  22  30  +  09
第2003008期:  05  08  09  14  17  23  +  08
第2003007期:  01  09  19  21  23  26  +  07
第2003006期:  01  03  10  21  26  27  +  06
第2003005期:  04  06  15  17  30  31  +  16
第2003004期:  04  06  07  10  13  25  +  03
第2003003期:  01  07  10  23  28  32  +  16
第2003002期:  04  09  19  20  21  26  +  12
第2003001期:  10  11  12  13  26  28  +  11
